[ PowerStructure(GrpPerm) |
    PermutationGroup<480 |  
        \[ 1, 34, 3, 169, 162, 6, 7, 8, 28, 10, 166, 167, 13, 14, 159, 16, 140, 174, 19, 20, 21, 48, 23, 158, 171, 26, 27, 9, 58, 30, 31, 182, 33, 2, 52, 36, 37, 43, 39, 40, 41, 42, 38, 187, 45, 46, 47, 22,
        49, 55, 51, 35, 80, 54, 50, 56, 57, 29, 74, 60, 61, 62, 63, 64, 65, 66, 67, 68, 69, 70, 71, 72, 73, 59, 75, 199, 77, 78, 79, 53, 81, 196, 83, 84, 85, 86, 204, 88, 207, 205, 91, 92, 201, 99, 203, 96,
        97, 209, 94, 100, 210, 102, 103, 206, 105, 208, 107, 108, 214, 110, 217, 215, 113, 114, 211, 121, 213, 118, 145, 219, 116, 122, 123, 124, 139, 216, 127, 128, 129, 130, 131, 132, 133, 134, 135, 136, 
        137, 138, 125, 17, 229, 142, 143, 230, 119, 226, 147, 228, 149, 150, 234, 152, 237, 235, 231, 161, 233, 24, 15, 239, 156, 5, 240, 236, 238, 11, 12, 168, 4, 170, 25, 172, 173, 18, 175, 176, 177, 178,
        179, 180, 181, 32, 183, 184, 185, 186, 44, 188, 189, 190, 191, 192, 193, 194, 195, 82, 197, 198, 76, 200, 93, 202, 95, 87, 90, 104, 89, 106, 98, 101, 115, 212, 117, 109, 112, 126, 111, 218, 120, 
        220, 221, 222, 223, 224, 225, 146, 227, 148, 141, 144, 155, 232, 157, 151, 154, 164, 153, 165, 160, 163, 302, 308, 253, 245, 244, 310, 250, 259, 249, 247, 251, 256, 243, 254, 255, 252, 257, 258, 
        248, 260, 261, 262, 317, 264, 316, 266, 267, 320, 321, 270, 271, 318, 319, 274, 275, 276, 286, 323, 279, 282, 322, 280, 326, 284, 327, 277, 324, 288, 325, 290, 332, 330, 296, 329, 334, 293, 337, 
        335, 331, 304, 333, 241, 339, 300, 305, 336, 307, 242, 309, 246, 311, 312, 313, 314, 315, 265, 263, 272, 273, 268, 269, 281, 278, 287, 289, 283, 285, 328, 294, 292, 299, 291, 301, 295, 298, 306, 
        297, 338, 303, 340, 341, 342, 343, 344, 345, 387, 349, 357, 347, 389, 354, 352, 388, 351, 365, 356, 348, 362, 359, 369, 368, 358, 372, 393, 355, 370, 392, 361, 360, 366, 371, 363, 373, 374, 397, 
        376, 396, 401, 379, 380, 398, 382, 383, 384, 385, 386, 346, 353, 350, 390, 391, 367, 364, 394, 395, 377, 375, 381, 399, 400, 378, 402, 403, 404, 443, 444, 415, 409, 408, 445, 413, 412, 411, 414, 
        407, 416, 427, 447, 419, 424, 446, 422, 423, 420, 434, 426, 417, 432, 429, 430, 431, 428, 451, 425, 450, 436, 453, 438, 452, 440, 441, 442, 405, 406, 410, 421, 418, 448, 449, 435, 433, 439, 437, 
        454, 455, 456, 457, 458, 459, 460, 461, 462, 463, 464, 465, 466, 467, 468, 469, 470, 471, 472, 476, 475, 474, 473, 480, 479, 478, 477 ],
        \[ 1, 2, 130, 169, 162, 6, 170, 8, 9, 149, 166, 167, 13, 168, 15, 46, 140, 174, 19, 177, 21, 22, 40, 158, 171, 31, 27, 28, 58, 179, 26, 32, 33, 34, 52, 36, 176, 38, 39, 23, 69, 42, 43, 187, 45, 16, 
        63, 48, 49, 55, 51, 35, 53, 189, 50, 192, 57, 29, 59, 186, 66, 62, 47, 91, 194, 61, 197, 195, 41, 85, 191, 77, 193, 74, 75, 199, 72, 78, 200, 80, 81, 196, 83, 198, 70, 86, 87, 88, 207, 205, 64, 92, 
        93, 99, 203, 96, 124, 98, 94, 212, 210, 102, 118, 104, 110, 208, 107, 108, 214, 105, 111, 215, 113, 114, 211, 116, 213, 103, 145, 120, 121, 222, 123, 97, 139, 126, 132, 128, 129, 3, 131, 127, 227, 
        225, 135, 136, 142, 223, 125, 17, 229, 137, 232, 230, 119, 226, 152, 228, 10, 150, 151, 147, 153, 235, 155, 156, 233, 24, 159, 160, 161, 5, 240, 164, 238, 11, 12, 14, 4, 7, 25, 172, 173, 18, 175, 
        37, 20, 178, 30, 180, 181, 182, 183, 184, 185, 60, 44, 188, 54, 190, 71, 56, 73, 65, 68, 82, 67, 84, 76, 79, 201, 202, 95, 204, 90, 206, 89, 106, 209, 101, 115, 100, 117, 109, 112, 216, 217, 218, 
        219, 220, 221, 122, 138, 224, 134, 146, 133, 148, 141, 144, 231, 143, 157, 234, 154, 236, 237, 165, 239, 163, 241, 242, 243, 244, 245, 310, 250, 248, 312, 247, 251, 252, 253, 309, 255, 256, 257, 
        315, 259, 260, 314, 262, 263, 264, 265, 266, 279, 268, 321, 270, 276, 272, 319, 274, 275, 271, 286, 278, 267, 282, 281, 280, 326, 328, 327, 277, 324, 290, 325, 288, 291, 330, 293, 329, 295, 296, 
        337, 335, 299, 304, 333, 302, 339, 300, 340, 336, 338, 308, 254, 246, 311, 249, 313, 261, 258, 316, 317, 318, 273, 320, 269, 322, 323, 287, 289, 283, 285, 284, 294, 292, 331, 332, 301, 334, 298, 
        306, 297, 307, 303, 305, 341, 342, 343, 344, 345, 346, 347, 348, 349, 389, 351, 352, 388, 354, 355, 391, 357, 358, 390, 369, 368, 362, 363, 364, 365, 366, 367, 361, 360, 370, 395, 372, 394, 374, 
        375, 376, 377, 378, 379, 380, 381, 382, 383, 384, 385, 386, 387, 353, 350, 359, 356, 392, 393, 373, 371, 396, 397, 398, 399, 400, 401, 402, 403, 404, 405, 406, 407, 408, 409, 445, 413, 419, 411, 
        416, 415, 414, 417, 447, 412, 420, 446, 422, 423, 424, 425, 449, 427, 428, 448, 430, 431, 432, 451, 434, 450, 454, 437, 440, 439, 438, 456, 455, 443, 444, 410, 421, 418, 429, 426, 435, 433, 452, 
        453, 436, 442, 441, 460, 459, 458, 457, 466, 462, 465, 464, 463, 461, 467, 468, 469, 470, 471, 472, 476, 475, 474, 473, 477, 478, 479, 480 ],
        \[ 8, 237, 54, 207, 162, 78, 91, 1, 161, 60, 94, 167, 83, 70, 444, 312, 158, 203, 88, 147, 175, 408, 309, 140, 205, 143, 173, 156, 157, 305, 232, 405, 180, 153, 235, 150, 338, 407, 178, 254, 436, 
        255, 415, 389, 183, 249, 438, 409, 313, 388, 185, 154, 346, 3, 353, 225, 131, 233, 347, 10, 138, 136, 440, 170, 222, 223, 449, 371, 454, 14, 127, 448, 373, 349, 81, 76, 429, 6, 414, 387, 75, 82, 13,
        419, 168, 403, 480, 19, 169, 171, 7, 384, 478, 11, 174, 102, 458, 351, 166, 271, 476, 96, 457, 348, 267, 474, 404, 423, 211, 279, 263, 215, 385, 431, 214, 265, 213, 460, 450, 296, 316, 194, 467, 
        459, 451, 332, 71, 462, 422, 189, 57, 191, 391, 192, 430, 62, 359, 61, 433, 24, 229, 390, 26, 240, 435, 226, 20, 238, 186, 36, 295, 177, 34, 52, 331, 28, 29, 17, 406, 434, 9, 5, 230, 432, 228, 99, 
        12, 85, 89, 64, 90, 202, 27, 95, 21, 307, 152, 39, 340, 33, 251, 443, 45, 311, 51, 149, 350, 221, 130, 224, 132, 134, 394, 122, 395, 196, 426, 412, 199, 416, 479, 172, 18, 477, 25, 357, 4, 475, 354,
        473, 109, 276, 117, 115, 112, 291, 317, 468, 293, 464, 188, 65, 66, 190, 56, 146, 356, 165, 141, 163, 299, 31, 58, 334, 35, 428, 2, 148, 425, 144, 245, 243, 242, 302, 241, 310, 250, 320, 46, 247, 
        181, 318, 308, 40, 42, 272, 270, 442, 268, 266, 456, 376, 111, 374, 116, 260, 105, 259, 273, 257, 100, 256, 269, 399, 379, 212, 282, 427, 110, 286, 424, 277, 337, 461, 285, 280, 304, 463, 289, 465, 
        216, 329, 219, 330, 151, 120, 326, 298, 231, 324, 301, 244, 306, 287, 30, 303, 176, 253, 23, 246, 184, 16, 49, 441, 455, 121, 217, 252, 321, 248, 319, 420, 417, 300, 325, 297, 327, 466, 292, 294, 
        155, 126, 333, 234, 335, 339, 283, 37, 336, 179, 343, 386, 341, 345, 344, 53, 59, 104, 74, 187, 98, 383, 55, 209, 375, 227, 206, 396, 137, 360, 361, 377, 401, 453, 397, 381, 452, 368, 369, 398, 68, 
        378, 73, 264, 355, 262, 362, 372, 275, 471, 366, 469, 352, 92, 113, 342, 80, 50, 44, 142, 133, 439, 437, 193, 195, 358, 365, 370, 274, 472, 363, 470, 86, 107, 32, 159, 38, 22, 48, 411, 410, 198, 
        445, 79, 43, 200, 323, 446, 84, 322, 447, 129, 108, 281, 239, 197, 278, 236, 77, 135, 114, 164, 139, 160, 145, 41, 393, 47, 392, 63, 314, 258, 182, 15, 413, 418, 421, 72, 67, 119, 125, 367, 364, 69,
        315, 261, 103, 97, 124, 118, 284, 128, 288, 220, 290, 328, 123, 218, 382, 402, 380, 400, 210, 106, 208, 101, 204, 93, 201, 87 ]:
         Order := 8 >,
    PermutationGroup<480 |  
        \[ 1, 34, 3, 169, 162, 6, 7, 8, 28, 10, 166, 167, 13, 14, 159, 16, 140, 174, 19, 20, 21, 48, 23, 158, 171, 26, 27, 9, 58, 30, 31, 182, 33, 2, 52, 36, 37, 43, 39, 40, 41, 42, 38, 187, 45, 46, 47, 22,
        49, 55, 51, 35, 80, 54, 50, 56, 57, 29, 74, 60, 61, 62, 63, 64, 65, 66, 67, 68, 69, 70, 71, 72, 73, 59, 75, 199, 77, 78, 79, 53, 81, 196, 83, 84, 85, 86, 204, 88, 207, 205, 91, 92, 201, 99, 203, 96,
        97, 209, 94, 100, 210, 102, 103, 206, 105, 208, 107, 108, 214, 110, 217, 215, 113, 114, 211, 121, 213, 118, 145, 219, 116, 122, 123, 124, 139, 216, 127, 128, 129, 130, 131, 132, 133, 134, 135, 136, 
        137, 138, 125, 17, 229, 142, 143, 230, 119, 226, 147, 228, 149, 150, 234, 152, 237, 235, 231, 161, 233, 24, 15, 239, 156, 5, 240, 236, 238, 11, 12, 168, 4, 170, 25, 172, 173, 18, 175, 176, 177, 178,
        179, 180, 181, 32, 183, 184, 185, 186, 44, 188, 189, 190, 191, 192, 193, 194, 195, 82, 197, 198, 76, 200, 93, 202, 95, 87, 90, 104, 89, 106, 98, 101, 115, 212, 117, 109, 112, 126, 111, 218, 120, 
        220, 221, 222, 223, 224, 225, 146, 227, 148, 141, 144, 155, 232, 157, 151, 154, 164, 153, 165, 160, 163, 302, 308, 253, 245, 244, 310, 250, 259, 249, 247, 251, 256, 243, 254, 255, 252, 257, 258, 
        248, 260, 261, 262, 317, 264, 316, 266, 267, 320, 321, 270, 271, 318, 319, 274, 275, 276, 286, 323, 279, 282, 322, 280, 326, 284, 327, 277, 324, 288, 325, 290, 332, 330, 296, 329, 334, 293, 337, 
        335, 331, 304, 333, 241, 339, 300, 305, 336, 307, 242, 309, 246, 311, 312, 313, 314, 315, 265, 263, 272, 273, 268, 269, 281, 278, 287, 289, 283, 285, 328, 294, 292, 299, 291, 301, 295, 298, 306, 
        297, 338, 303, 340, 341, 342, 343, 344, 345, 387, 349, 357, 347, 389, 354, 352, 388, 351, 365, 356, 348, 362, 359, 369, 368, 358, 372, 393, 355, 370, 392, 361, 360, 366, 371, 363, 373, 374, 397, 
        376, 396, 401, 379, 380, 398, 382, 383, 384, 385, 386, 346, 353, 350, 390, 391, 367, 364, 394, 395, 377, 375, 381, 399, 400, 378, 402, 403, 404, 443, 444, 415, 409, 408, 445, 413, 412, 411, 414, 
        407, 416, 427, 447, 419, 424, 446, 422, 423, 420, 434, 426, 417, 432, 429, 430, 431, 428, 451, 425, 450, 436, 453, 438, 452, 440, 441, 442, 405, 406, 410, 421, 418, 448, 449, 435, 433, 439, 437, 
        454, 455, 456, 457, 458, 459, 460, 461, 462, 463, 464, 465, 466, 467, 468, 469, 470, 471, 472, 476, 475, 474, 473, 480, 479, 478, 477 ],
        \[ 1, 2, 130, 169, 162, 6, 170, 8, 9, 149, 166, 167, 13, 168, 15, 46, 140, 174, 19, 177, 21, 22, 40, 158, 171, 31, 27, 28, 58, 179, 26, 32, 33, 34, 52, 36, 176, 38, 39, 23, 69, 42, 43, 187, 45, 16, 
        63, 48, 49, 55, 51, 35, 53, 189, 50, 192, 57, 29, 59, 186, 66, 62, 47, 91, 194, 61, 197, 195, 41, 85, 191, 77, 193, 74, 75, 199, 72, 78, 200, 80, 81, 196, 83, 198, 70, 86, 87, 88, 207, 205, 64, 92, 
        93, 99, 203, 96, 124, 98, 94, 212, 210, 102, 118, 104, 110, 208, 107, 108, 214, 105, 111, 215, 113, 114, 211, 116, 213, 103, 145, 120, 121, 222, 123, 97, 139, 126, 132, 128, 129, 3, 131, 127, 227, 
        225, 135, 136, 142, 223, 125, 17, 229, 137, 232, 230, 119, 226, 152, 228, 10, 150, 151, 147, 153, 235, 155, 156, 233, 24, 159, 160, 161, 5, 240, 164, 238, 11, 12, 14, 4, 7, 25, 172, 173, 18, 175, 
        37, 20, 178, 30, 180, 181, 182, 183, 184, 185, 60, 44, 188, 54, 190, 71, 56, 73, 65, 68, 82, 67, 84, 76, 79, 201, 202, 95, 204, 90, 206, 89, 106, 209, 101, 115, 100, 117, 109, 112, 216, 217, 218, 
        219, 220, 221, 122, 138, 224, 134, 146, 133, 148, 141, 144, 231, 143, 157, 234, 154, 236, 237, 165, 239, 163, 241, 242, 243, 244, 245, 310, 250, 248, 312, 247, 251, 252, 253, 309, 255, 256, 257, 
        315, 259, 260, 314, 262, 263, 264, 265, 266, 279, 268, 321, 270, 276, 272, 319, 274, 275, 271, 286, 278, 267, 282, 281, 280, 326, 328, 327, 277, 324, 290, 325, 288, 291, 330, 293, 329, 295, 296, 
        337, 335, 299, 304, 333, 302, 339, 300, 340, 336, 338, 308, 254, 246, 311, 249, 313, 261, 258, 316, 317, 318, 273, 320, 269, 322, 323, 287, 289, 283, 285, 284, 294, 292, 331, 332, 301, 334, 298, 
        306, 297, 307, 303, 305, 341, 342, 343, 344, 345, 346, 347, 348, 349, 389, 351, 352, 388, 354, 355, 391, 357, 358, 390, 369, 368, 362, 363, 364, 365, 366, 367, 361, 360, 370, 395, 372, 394, 374, 
        375, 376, 377, 378, 379, 380, 381, 382, 383, 384, 385, 386, 387, 353, 350, 359, 356, 392, 393, 373, 371, 396, 397, 398, 399, 400, 401, 402, 403, 404, 405, 406, 407, 408, 409, 445, 413, 419, 411, 
        416, 415, 414, 417, 447, 412, 420, 446, 422, 423, 424, 425, 449, 427, 428, 448, 430, 431, 432, 451, 434, 450, 454, 437, 440, 439, 438, 456, 455, 443, 444, 410, 421, 418, 429, 426, 435, 433, 452, 
        453, 436, 442, 441, 460, 459, 458, 457, 466, 462, 465, 464, 463, 461, 467, 468, 469, 470, 471, 472, 476, 475, 474, 473, 477, 478, 479, 480 ],
        \[ 150, 43, 356, 4, 229, 78, 284, 8, 32, 359, 11, 226, 88, 288, 362, 394, 329, 18, 83, 30, 175, 355, 395, 330, 171, 176, 173, 182, 58, 20, 37, 9, 180, 38, 52, 36, 31, 34, 39, 371, 449, 313, 2, 187, 
        185, 373, 448, 365, 311, 50, 183, 35, 209, 137, 55, 222, 221, 29, 104, 133, 132, 131, 429, 465, 223, 127, 438, 312, 426, 466, 134, 454, 254, 206, 75, 360, 436, 6, 455, 98, 96, 361, 19, 456, 461, 
        385, 272, 13, 89, 90, 463, 404, 268, 94, 203, 81, 110, 80, 99, 103, 101, 102, 100, 59, 124, 106, 384, 422, 336, 97, 236, 310, 403, 430, 339, 160, 250, 212, 145, 308, 239, 192, 468, 105, 139, 244, 
        66, 464, 423, 391, 62, 61, 60, 71, 431, 190, 54, 194, 125, 294, 162, 189, 340, 148, 119, 167, 307, 144, 390, 1, 401, 338, 443, 235, 381, 415, 233, 292, 358, 116, 407, 141, 238, 217, 240, 166, 146, 
        290, 169, 328, 25, 202, 27, 174, 21, 26, 179, 178, 177, 33, 255, 28, 51, 251, 45, 227, 44, 224, 142, 136, 225, 122, 309, 138, 249, 368, 440, 441, 369, 442, 320, 172, 95, 318, 205, 74, 207, 208, 53, 
        210, 303, 118, 247, 306, 246, 245, 164, 467, 242, 462, 57, 56, 65, 188, 191, 12, 186, 230, 5, 228, 398, 305, 157, 378, 154, 111, 405, 163, 121, 165, 296, 219, 291, 126, 216, 215, 213, 477, 195, 117,
        184, 478, 332, 73, 181, 479, 270, 419, 480, 266, 414, 379, 434, 399, 432, 260, 457, 93, 447, 257, 458, 87, 421, 374, 376, 459, 410, 453, 460, 411, 452, 413, 324, 7, 301, 445, 326, 14, 298, 168, 243,
        158, 302, 140, 370, 241, 304, 289, 372, 337, 285, 293, 211, 297, 232, 214, 147, 120, 193, 112, 49, 68, 42, 416, 412, 428, 425, 204, 446, 201, 418, 439, 437, 283, 335, 287, 333, 170, 17, 24, 363, 
        253, 327, 366, 325, 109, 300, 152, 115, 143, 383, 386, 352, 344, 345, 348, 351, 346, 354, 389, 347, 343, 353, 349, 22, 3, 387, 159, 10, 76, 82, 15, 331, 424, 48, 334, 417, 196, 199, 295, 40, 299, 
        46, 274, 406, 275, 408, 234, 262, 471, 155, 472, 341, 107, 86, 342, 357, 388, 350, 149, 130, 427, 420, 16, 23, 409, 444, 231, 264, 469, 151, 470, 113, 92, 237, 375, 161, 377, 396, 277, 280, 315, 
        282, 261, 156, 314, 367, 321, 258, 393, 273, 108, 129, 364, 317, 69, 392, 316, 63, 114, 135, 265, 451, 263, 450, 77, 323, 67, 322, 197, 198, 200, 153, 397, 286, 319, 269, 47, 41, 435, 433, 281, 278,
        72, 79, 84, 267, 271, 276, 279, 85, 220, 91, 128, 64, 70, 218, 123, 400, 402, 380, 382, 473, 474, 475, 476, 248, 252, 256, 259 ]:
         Order := 8 >,
    PermutationGroup<480 |  
        \[ 150, 415, 16, 154, 360, 172, 338, 36, 443, 23, 233, 368, 19, 340, 159, 3, 336, 300, 13, 465, 173, 48, 10, 339, 297, 466, 175, 405, 94, 85, 461, 161, 33, 407, 207, 8, 91, 237, 39, 149, 271, 399, 
        153, 165, 45, 130, 279, 22, 379, 163, 51, 89, 53, 312, 240, 419, 107, 99, 59, 309, 414, 86, 267, 176, 442, 416, 97, 227, 276, 179, 441, 118, 142, 74, 81, 141, 103, 202, 138, 80, 75, 226, 88, 225, 
        30, 62, 259, 83, 52, 326, 37, 190, 256, 29, 324, 102, 67, 209, 58, 436, 451, 96, 77, 206, 440, 450, 57, 135, 330, 438, 111, 335, 188, 129, 294, 116, 333, 72, 475, 120, 121, 315, 220, 197, 473, 126, 
        314, 218, 114, 46, 404, 261, 195, 198, 108, 403, 193, 79, 476, 306, 76, 73, 328, 388, 474, 196, 290, 389, 40, 1, 372, 288, 43, 4, 366, 182, 166, 303, 15, 239, 32, 369, 50, 236, 44, 157, 361, 305, 
        235, 307, 337, 6, 21, 304, 27, 64, 463, 178, 70, 180, 376, 156, 183, 374, 185, 254, 238, 113, 249, 92, 456, 412, 137, 455, 133, 146, 124, 134, 229, 223, 252, 78, 287, 248, 283, 104, 35, 435, 98, 
        433, 329, 454, 301, 292, 298, 216, 217, 128, 219, 123, 385, 258, 200, 384, 84, 82, 68, 350, 199, 353, 370, 284, 11, 363, 169, 164, 38, 187, 160, 55, 241, 308, 243, 245, 244, 325, 327, 204, 189, 285,
        262, 201, 253, 186, 274, 93, 270, 222, 87, 266, 132, 251, 317, 311, 316, 260, 63, 477, 277, 257, 41, 479, 280, 255, 313, 69, 269, 364, 47, 273, 392, 319, 205, 232, 250, 321, 203, 152, 310, 147, 332,
        214, 296, 115, 401, 293, 25, 215, 381, 18, 213, 302, 158, 174, 168, 140, 170, 242, 60, 289, 264, 54, 275, 127, 122, 265, 263, 478, 282, 480, 286, 367, 393, 95, 246, 90, 247, 143, 211, 109, 398, 291,
        117, 378, 112, 17, 171, 7, 24, 14, 341, 342, 343, 344, 345, 387, 349, 348, 347, 228, 351, 352, 230, 354, 355, 371, 357, 358, 394, 5, 167, 362, 234, 278, 365, 155, 322, 12, 162, 231, 356, 151, 390, 
        184, 397, 181, 396, 334, 49, 402, 299, 400, 383, 224, 221, 386, 346, 144, 148, 373, 395, 281, 323, 359, 391, 377, 375, 331, 42, 382, 295, 380, 136, 131, 28, 406, 34, 408, 409, 421, 418, 192, 447, 
        61, 2, 66, 453, 411, 56, 439, 410, 431, 430, 452, 425, 459, 437, 428, 457, 423, 422, 432, 210, 434, 208, 100, 427, 110, 420, 105, 71, 65, 9, 444, 446, 445, 413, 460, 458, 106, 101, 424, 417, 212, 
        194, 191, 429, 449, 426, 448, 31, 468, 177, 467, 20, 26, 464, 462, 472, 471, 470, 469, 125, 145, 119, 139, 268, 318, 272, 320 ],
        \[ 1, 2, 130, 169, 162, 6, 170, 8, 9, 149, 166, 167, 13, 168, 15, 46, 140, 174, 19, 177, 21, 22, 40, 158, 171, 31, 27, 28, 58, 179, 26, 32, 33, 34, 52, 36, 176, 38, 39, 23, 69, 42, 43, 187, 45, 16, 
        63, 48, 49, 55, 51, 35, 53, 189, 50, 192, 57, 29, 59, 186, 66, 62, 47, 91, 194, 61, 197, 195, 41, 85, 191, 77, 193, 74, 75, 199, 72, 78, 200, 80, 81, 196, 83, 198, 70, 86, 87, 88, 207, 205, 64, 92, 
        93, 99, 203, 96, 124, 98, 94, 212, 210, 102, 118, 104, 110, 208, 107, 108, 214, 105, 111, 215, 113, 114, 211, 116, 213, 103, 145, 120, 121, 222, 123, 97, 139, 126, 132, 128, 129, 3, 131, 127, 227, 
        225, 135, 136, 142, 223, 125, 17, 229, 137, 232, 230, 119, 226, 152, 228, 10, 150, 151, 147, 153, 235, 155, 156, 233, 24, 159, 160, 161, 5, 240, 164, 238, 11, 12, 14, 4, 7, 25, 172, 173, 18, 175, 
        37, 20, 178, 30, 180, 181, 182, 183, 184, 185, 60, 44, 188, 54, 190, 71, 56, 73, 65, 68, 82, 67, 84, 76, 79, 201, 202, 95, 204, 90, 206, 89, 106, 209, 101, 115, 100, 117, 109, 112, 216, 217, 218, 
        219, 220, 221, 122, 138, 224, 134, 146, 133, 148, 141, 144, 231, 143, 157, 234, 154, 236, 237, 165, 239, 163, 241, 242, 243, 244, 245, 310, 250, 248, 312, 247, 251, 252, 253, 309, 255, 256, 257, 
        315, 259, 260, 314, 262, 263, 264, 265, 266, 279, 268, 321, 270, 276, 272, 319, 274, 275, 271, 286, 278, 267, 282, 281, 280, 326, 328, 327, 277, 324, 290, 325, 288, 291, 330, 293, 329, 295, 296, 
        337, 335, 299, 304, 333, 302, 339, 300, 340, 336, 338, 308, 254, 246, 311, 249, 313, 261, 258, 316, 317, 318, 273, 320, 269, 322, 323, 287, 289, 283, 285, 284, 294, 292, 331, 332, 301, 334, 298, 
        306, 297, 307, 303, 305, 341, 342, 343, 344, 345, 346, 347, 348, 349, 389, 351, 352, 388, 354, 355, 391, 357, 358, 390, 369, 368, 362, 363, 364, 365, 366, 367, 361, 360, 370, 395, 372, 394, 374, 
        375, 376, 377, 378, 379, 380, 381, 382, 383, 384, 385, 386, 387, 353, 350, 359, 356, 392, 393, 373, 371, 396, 397, 398, 399, 400, 401, 402, 403, 404, 405, 406, 407, 408, 409, 445, 413, 419, 411, 
        416, 415, 414, 417, 447, 412, 420, 446, 422, 423, 424, 425, 449, 427, 428, 448, 430, 431, 432, 451, 434, 450, 454, 437, 440, 439, 438, 456, 455, 443, 444, 410, 421, 418, 429, 426, 435, 433, 452, 
        453, 436, 442, 441, 460, 459, 458, 457, 466, 462, 465, 464, 463, 461, 467, 468, 469, 470, 471, 472, 476, 475, 474, 473, 477, 478, 479, 480 ],
        \[ 8, 407, 64, 117, 101, 123, 359, 1, 405, 85, 215, 106, 128, 391, 397, 176, 353, 277, 218, 312, 173, 396, 30, 350, 280, 254, 175, 443, 285, 23, 309, 182, 45, 415, 289, 150, 46, 38, 183, 179, 419, 
        181, 43, 292, 33, 37, 414, 377, 184, 294, 178, 325, 357, 465, 329, 271, 188, 327, 351, 461, 279, 190, 416, 3, 97, 267, 442, 232, 412, 149, 103, 456, 147, 354, 81, 125, 441, 462, 449, 348, 75, 145, 
        467, 429, 10, 92, 248, 464, 246, 410, 130, 86, 252, 250, 413, 102, 65, 209, 247, 127, 5, 96, 71, 104, 122, 12, 113, 135, 238, 222, 111, 166, 107, 129, 163, 121, 4, 191, 196, 253, 116, 105, 6, 194, 
        76, 241, 100, 13, 114, 91, 221, 212, 328, 460, 108, 224, 288, 458, 199, 388, 473, 290, 195, 306, 82, 475, 73, 303, 70, 36, 234, 193, 153, 333, 155, 161, 335, 389, 375, 317, 156, 210, 115, 265, 214, 
        112, 208, 356, 213, 390, 282, 220, 21, 286, 27, 16, 249, 51, 40, 185, 42, 32, 39, 49, 180, 466, 330, 57, 463, 62, 118, 276, 152, 124, 143, 119, 455, 448, 139, 426, 256, 468, 411, 259, 445, 206, 310,
        167, 98, 162, 240, 132, 169, 165, 11, 302, 217, 19, 243, 172, 131, 110, 459, 136, 457, 474, 284, 339, 476, 336, 231, 68, 298, 151, 301, 316, 237, 109, 263, 211, 126, 242, 219, 245, 244, 89, 99, 87, 
        177, 94, 255, 93, 120, 26, 251, 201, 266, 438, 204, 270, 454, 274, 239, 275, 164, 257, 66, 320, 300, 260, 56, 272, 297, 262, 264, 192, 18, 393, 61, 25, 367, 171, 446, 227, 29, 174, 418, 137, 35, 
        142, 332, 44, 293, 50, 378, 296, 273, 233, 398, 269, 235, 216, 148, 321, 371, 144, 373, 308, 31, 207, 313, 20, 311, 436, 440, 236, 160, 318, 337, 268, 304, 392, 364, 447, 52, 421, 58, 133, 55, 187, 
        381, 291, 154, 401, 157, 230, 319, 394, 228, 395, 344, 343, 342, 341, 383, 346, 349, 80, 347, 24, 59, 386, 17, 74, 355, 168, 53, 362, 7, 451, 435, 358, 372, 323, 365, 366, 281, 450, 433, 370, 305, 
        363, 307, 379, 159, 399, 48, 295, 374, 382, 331, 380, 345, 403, 404, 352, 387, 140, 158, 170, 14, 322, 278, 338, 340, 22, 15, 299, 376, 402, 334, 400, 384, 385, 9, 406, 2, 409, 408, 90, 203, 69, 95,
        47, 34, 63, 417, 287, 41, 424, 326, 423, 422, 420, 425, 200, 427, 432, 84, 431, 430, 428, 369, 434, 361, 314, 437, 258, 452, 315, 77, 67, 28, 444, 205, 283, 324, 198, 79, 368, 360, 439, 453, 261, 
        197, 72, 225, 138, 223, 134, 60, 78, 189, 88, 54, 186, 83, 202, 472, 471, 470, 469, 141, 226, 146, 229, 480, 478, 479, 477 ]:
         Order := 8 >,
    PermutationGroup<480 |  
        \[ 150, 278, 130, 233, 361, 172, 170, 36, 322, 149, 235, 360, 19, 168, 159, 16, 17, 18, 13, 20, 27, 48, 23, 24, 25, 26, 21, 281, 207, 179, 31, 439, 33, 323, 99, 8, 176, 437, 39, 40, 267, 62, 453, 
        187, 45, 46, 271, 22, 57, 55, 51, 94, 53, 54, 50, 416, 49, 89, 59, 60, 419, 42, 276, 64, 441, 412, 103, 68, 279, 70, 455, 97, 73, 74, 102, 146, 124, 202, 134, 80, 96, 141, 88, 138, 85, 399, 295, 83,
        58, 90, 91, 376, 331, 52, 95, 81, 72, 209, 35, 438, 450, 75, 67, 206, 436, 433, 379, 135, 214, 454, 111, 301, 374, 129, 211, 116, 335, 197, 473, 120, 121, 261, 220, 77, 474, 126, 315, 218, 114, 3, 
        251, 258, 227, 79, 108, 311, 142, 84, 475, 140, 82, 137, 232, 144, 476, 76, 152, 148, 10, 1, 480, 147, 417, 166, 478, 424, 169, 158, 15, 239, 420, 368, 163, 236, 165, 154, 369, 14, 157, 7, 171, 6, 
        175, 174, 173, 37, 177, 178, 30, 180, 190, 452, 183, 188, 185, 186, 44, 184, 189, 181, 442, 414, 193, 456, 195, 229, 118, 223, 226, 225, 299, 78, 203, 334, 205, 104, 29, 451, 98, 435, 115, 440, 298,
        109, 333, 216, 217, 128, 219, 123, 255, 314, 198, 313, 200, 199, 133, 228, 196, 230, 479, 143, 4, 477, 11, 164, 427, 238, 160, 240, 241, 308, 243, 245, 244, 285, 325, 378, 312, 289, 131, 381, 253, 
        309, 221, 398, 270, 132, 401, 266, 122, 404, 317, 403, 316, 260, 41, 363, 269, 257, 47, 370, 273, 385, 384, 63, 286, 2, 69, 282, 28, 280, 326, 284, 246, 277, 324, 288, 250, 290, 332, 292, 296, 294, 
        87, 293, 337, 213, 201, 304, 112, 302, 339, 300, 305, 336, 307, 242, 254, 327, 136, 249, 224, 222, 127, 265, 263, 366, 319, 372, 321, 9, 34, 287, 247, 283, 310, 328, 329, 330, 93, 291, 215, 204, 
        117, 306, 297, 338, 303, 340, 341, 342, 343, 344, 345, 387, 349, 348, 347, 389, 351, 352, 388, 354, 355, 356, 357, 358, 359, 12, 5, 362, 268, 415, 365, 318, 443, 162, 167, 272, 395, 320, 394, 113, 
        397, 92, 396, 248, 107, 402, 252, 400, 383, 275, 274, 386, 346, 353, 350, 390, 391, 405, 407, 373, 371, 377, 375, 256, 86, 382, 259, 380, 264, 262, 392, 406, 393, 408, 409, 445, 413, 66, 411, 192, 
        364, 56, 153, 418, 61, 161, 421, 431, 430, 156, 425, 460, 237, 428, 459, 423, 422, 432, 106, 434, 210, 105, 38, 100, 32, 212, 65, 191, 367, 444, 410, 446, 447, 458, 457, 101, 208, 182, 43, 110, 71, 
        194, 449, 448, 429, 426, 466, 468, 465, 467, 463, 461, 464, 462, 472, 471, 470, 469, 119, 125, 139, 145, 234, 155, 231, 151 ],
        \[ 1, 2, 130, 169, 162, 6, 170, 8, 9, 149, 166, 167, 13, 168, 15, 46, 140, 174, 19, 177, 21, 22, 40, 158, 171, 31, 27, 28, 58, 179, 26, 32, 33, 34, 52, 36, 176, 38, 39, 23, 69, 42, 43, 187, 45, 16, 
        63, 48, 49, 55, 51, 35, 53, 189, 50, 192, 57, 29, 59, 186, 66, 62, 47, 91, 194, 61, 197, 195, 41, 85, 191, 77, 193, 74, 75, 199, 72, 78, 200, 80, 81, 196, 83, 198, 70, 86, 87, 88, 207, 205, 64, 92, 
        93, 99, 203, 96, 124, 98, 94, 212, 210, 102, 118, 104, 110, 208, 107, 108, 214, 105, 111, 215, 113, 114, 211, 116, 213, 103, 145, 120, 121, 222, 123, 97, 139, 126, 132, 128, 129, 3, 131, 127, 227, 
        225, 135, 136, 142, 223, 125, 17, 229, 137, 232, 230, 119, 226, 152, 228, 10, 150, 151, 147, 153, 235, 155, 156, 233, 24, 159, 160, 161, 5, 240, 164, 238, 11, 12, 14, 4, 7, 25, 172, 173, 18, 175, 
        37, 20, 178, 30, 180, 181, 182, 183, 184, 185, 60, 44, 188, 54, 190, 71, 56, 73, 65, 68, 82, 67, 84, 76, 79, 201, 202, 95, 204, 90, 206, 89, 106, 209, 101, 115, 100, 117, 109, 112, 216, 217, 218, 
        219, 220, 221, 122, 138, 224, 134, 146, 133, 148, 141, 144, 231, 143, 157, 234, 154, 236, 237, 165, 239, 163, 241, 242, 243, 244, 245, 310, 250, 248, 312, 247, 251, 252, 253, 309, 255, 256, 257, 
        315, 259, 260, 314, 262, 263, 264, 265, 266, 279, 268, 321, 270, 276, 272, 319, 274, 275, 271, 286, 278, 267, 282, 281, 280, 326, 328, 327, 277, 324, 290, 325, 288, 291, 330, 293, 329, 295, 296, 
        337, 335, 299, 304, 333, 302, 339, 300, 340, 336, 338, 308, 254, 246, 311, 249, 313, 261, 258, 316, 317, 318, 273, 320, 269, 322, 323, 287, 289, 283, 285, 284, 294, 292, 331, 332, 301, 334, 298, 
        306, 297, 307, 303, 305, 341, 342, 343, 344, 345, 346, 347, 348, 349, 389, 351, 352, 388, 354, 355, 391, 357, 358, 390, 369, 368, 362, 363, 364, 365, 366, 367, 361, 360, 370, 395, 372, 394, 374, 
        375, 376, 377, 378, 379, 380, 381, 382, 383, 384, 385, 386, 387, 353, 350, 359, 356, 392, 393, 373, 371, 396, 397, 398, 399, 400, 401, 402, 403, 404, 405, 406, 407, 408, 409, 445, 413, 419, 411, 
        416, 415, 414, 417, 447, 412, 420, 446, 422, 423, 424, 425, 449, 427, 428, 448, 430, 431, 432, 451, 434, 450, 454, 437, 440, 439, 438, 456, 455, 443, 444, 410, 421, 418, 429, 426, 435, 433, 452, 
        453, 436, 442, 441, 460, 459, 458, 457, 466, 462, 465, 464, 463, 461, 467, 468, 469, 470, 471, 472, 476, 475, 474, 473, 477, 478, 479, 480 ],
        \[ 36, 437, 142, 125, 298, 468, 14, 150, 452, 133, 119, 301, 467, 7, 293, 68, 321, 240, 464, 177, 173, 291, 73, 273, 238, 26, 175, 439, 210, 30, 31, 281, 180, 453, 106, 1, 176, 278, 178, 193, 67, 
        184, 323, 304, 45, 195, 77, 332, 49, 297, 183, 208, 434, 391, 337, 61, 57, 101, 428, 359, 56, 188, 72, 70, 71, 192, 41, 16, 197, 64, 65, 63, 23, 432, 75, 310, 47, 220, 200, 425, 96, 247, 218, 84, 
        91, 107, 155, 128, 450, 230, 85, 113, 234, 451, 148, 81, 276, 316, 433, 458, 58, 102, 267, 263, 460, 35, 86, 380, 445, 457, 351, 360, 92, 400, 411, 348, 368, 279, 11, 406, 357, 222, 202, 271, 4, 
        409, 127, 88, 382, 137, 221, 132, 10, 225, 402, 224, 130, 138, 169, 269, 325, 3, 232, 205, 166, 327, 147, 95, 227, 8, 201, 152, 367, 476, 87, 364, 475, 319, 296, 347, 393, 335, 174, 346, 171, 145, 
        333, 170, 139, 168, 165, 462, 21, 163, 27, 37, 20, 39, 179, 33, 181, 322, 51, 42, 185, 390, 300, 62, 356, 190, 194, 66, 40, 191, 46, 250, 69, 198, 246, 79, 151, 123, 228, 231, 144, 317, 435, 52, 
        265, 29, 413, 459, 361, 410, 369, 408, 354, 83, 444, 78, 131, 122, 223, 136, 134, 285, 149, 203, 289, 90, 204, 143, 474, 93, 473, 387, 392, 25, 349, 18, 365, 396, 358, 375, 397, 199, 82, 372, 373, 
        196, 255, 366, 362, 395, 251, 370, 270, 258, 363, 260, 314, 275, 104, 264, 209, 266, 103, 401, 140, 257, 124, 398, 24, 274, 262, 97, 339, 38, 118, 336, 32, 306, 350, 290, 226, 303, 353, 328, 229, 
        284, 22, 447, 15, 421, 478, 159, 50, 5, 480, 187, 12, 355, 286, 44, 305, 282, 338, 377, 371, 76, 313, 394, 311, 261, 315, 98, 206, 381, 158, 378, 17, 182, 43, 388, 141, 389, 146, 288, 446, 418, 477,
        48, 167, 479, 162, 280, 55, 307, 277, 340, 383, 342, 352, 345, 344, 164, 160, 116, 239, 283, 111, 343, 287, 217, 302, 189, 121, 243, 60, 112, 213, 253, 259, 156, 241, 252, 153, 117, 215, 256, 309, 
        248, 249, 376, 244, 374, 308, 320, 399, 108, 318, 129, 341, 404, 385, 386, 236, 324, 326, 186, 54, 237, 161, 312, 254, 242, 245, 272, 379, 114, 268, 135, 403, 384, 427, 120, 420, 216, 126, 214, 115,
        414, 211, 412, 424, 419, 443, 330, 416, 407, 294, 470, 469, 415, 80, 436, 405, 59, 440, 472, 471, 74, 99, 53, 207, 426, 2, 448, 28, 429, 455, 456, 417, 219, 109, 329, 292, 438, 454, 89, 94, 9, 34, 
        449, 441, 442, 110, 100, 212, 105, 465, 172, 466, 19, 461, 463, 13, 6, 423, 422, 431, 430, 235, 233, 157, 154, 331, 295, 334, 299 ]:
         Order := 8 >,
    PermutationGroup<480 |  
        \[ 8, 34, 130, 166, 167, 19, 170, 1, 9, 10, 169, 162, 172, 14, 15, 16, 24, 171, 6, 177, 27, 48, 40, 17, 174, 26, 21, 28, 52, 30, 31, 32, 39, 2, 58, 150, 176, 43, 33, 23, 41, 181, 38, 55, 51, 46, 63,
        22, 184, 187, 45, 29, 80, 54, 44, 56, 62, 35, 59, 186, 66, 57, 47, 64, 65, 61, 67, 68, 69, 85, 191, 77, 193, 74, 81, 82, 72, 88, 79, 53, 75, 76, 202, 198, 70, 92, 87, 78, 94, 203, 91, 86, 201, 89, 
        205, 102, 97, 98, 207, 212, 208, 96, 118, 206, 105, 210, 113, 114, 115, 110, 111, 213, 107, 108, 109, 121, 215, 103, 139, 120, 116, 222, 128, 124, 145, 216, 127, 123, 135, 3, 136, 132, 227, 225, 
        129, 131, 137, 138, 119, 158, 226, 142, 232, 148, 125, 229, 147, 144, 149, 36, 151, 152, 153, 157, 231, 161, 154, 140, 159, 160, 156, 12, 165, 236, 163, 4, 5, 168, 11, 7, 18, 13, 175, 25, 173, 37, 
        20, 180, 179, 178, 42, 182, 185, 49, 183, 60, 50, 190, 189, 188, 71, 192, 73, 194, 195, 199, 197, 84, 196, 200, 93, 83, 90, 204, 95, 104, 99, 101, 209, 106, 214, 100, 112, 211, 117, 126, 217, 220, 
        219, 218, 224, 122, 223, 221, 134, 141, 133, 230, 146, 228, 155, 143, 235, 234, 233, 164, 237, 240, 239, 238, 241, 242, 253, 245, 244, 247, 246, 259, 312, 310, 255, 252, 243, 254, 251, 256, 260, 
        315, 248, 257, 261, 264, 317, 262, 265, 270, 279, 268, 273, 266, 271, 318, 269, 275, 274, 276, 282, 278, 267, 286, 322, 277, 287, 284, 289, 280, 283, 290, 285, 288, 291, 294, 296, 292, 334, 293, 
        300, 333, 299, 297, 335, 302, 336, 337, 340, 339, 307, 308, 309, 250, 313, 249, 311, 314, 258, 316, 263, 272, 321, 320, 319, 281, 323, 326, 327, 324, 325, 328, 330, 329, 331, 332, 298, 295, 301, 
        303, 304, 338, 306, 305, 352, 344, 383, 342, 386, 346, 349, 348, 347, 388, 354, 341, 389, 351, 355, 356, 357, 362, 390, 361, 360, 358, 372, 393, 365, 366, 367, 369, 368, 370, 395, 363, 373, 376, 
        397, 374, 377, 378, 399, 382, 398, 380, 343, 403, 404, 345, 387, 350, 353, 359, 391, 392, 364, 394, 371, 396, 375, 381, 379, 402, 401, 400, 384, 385, 443, 444, 407, 408, 409, 411, 410, 412, 445, 
        416, 415, 414, 427, 446, 419, 420, 447, 430, 431, 424, 434, 449, 417, 428, 429, 422, 423, 432, 450, 425, 451, 454, 437, 438, 452, 440, 456, 442, 405, 406, 413, 418, 421, 448, 426, 433, 435, 439, 
        453, 436, 455, 441, 457, 459, 458, 460, 466, 467, 463, 468, 465, 461, 462, 464, 471, 472, 469, 470, 474, 473, 476, 475, 480, 478, 479, 477 ],
        \[ 1, 2, 130, 169, 162, 6, 170, 8, 9, 149, 166, 167, 13, 168, 15, 46, 140, 174, 19, 177, 21, 22, 40, 158, 171, 31, 27, 28, 58, 179, 26, 32, 33, 34, 52, 36, 176, 38, 39, 23, 69, 42, 43, 187, 45, 16, 
        63, 48, 49, 55, 51, 35, 53, 189, 50, 192, 57, 29, 59, 186, 66, 62, 47, 91, 194, 61, 197, 195, 41, 85, 191, 77, 193, 74, 75, 199, 72, 78, 200, 80, 81, 196, 83, 198, 70, 86, 87, 88, 207, 205, 64, 92, 
        93, 99, 203, 96, 124, 98, 94, 212, 210, 102, 118, 104, 110, 208, 107, 108, 214, 105, 111, 215, 113, 114, 211, 116, 213, 103, 145, 120, 121, 222, 123, 97, 139, 126, 132, 128, 129, 3, 131, 127, 227, 
        225, 135, 136, 142, 223, 125, 17, 229, 137, 232, 230, 119, 226, 152, 228, 10, 150, 151, 147, 153, 235, 155, 156, 233, 24, 159, 160, 161, 5, 240, 164, 238, 11, 12, 14, 4, 7, 25, 172, 173, 18, 175, 
        37, 20, 178, 30, 180, 181, 182, 183, 184, 185, 60, 44, 188, 54, 190, 71, 56, 73, 65, 68, 82, 67, 84, 76, 79, 201, 202, 95, 204, 90, 206, 89, 106, 209, 101, 115, 100, 117, 109, 112, 216, 217, 218, 
        219, 220, 221, 122, 138, 224, 134, 146, 133, 148, 141, 144, 231, 143, 157, 234, 154, 236, 237, 165, 239, 163, 241, 242, 243, 244, 245, 310, 250, 248, 312, 247, 251, 252, 253, 309, 255, 256, 257, 
        315, 259, 260, 314, 262, 263, 264, 265, 266, 279, 268, 321, 270, 276, 272, 319, 274, 275, 271, 286, 278, 267, 282, 281, 280, 326, 328, 327, 277, 324, 290, 325, 288, 291, 330, 293, 329, 295, 296, 
        337, 335, 299, 304, 333, 302, 339, 300, 340, 336, 338, 308, 254, 246, 311, 249, 313, 261, 258, 316, 317, 318, 273, 320, 269, 322, 323, 287, 289, 283, 285, 284, 294, 292, 331, 332, 301, 334, 298, 
        306, 297, 307, 303, 305, 341, 342, 343, 344, 345, 346, 347, 348, 349, 389, 351, 352, 388, 354, 355, 391, 357, 358, 390, 369, 368, 362, 363, 364, 365, 366, 367, 361, 360, 370, 395, 372, 394, 374, 
        375, 376, 377, 378, 379, 380, 381, 382, 383, 384, 385, 386, 387, 353, 350, 359, 356, 392, 393, 373, 371, 396, 397, 398, 399, 400, 401, 402, 403, 404, 405, 406, 407, 408, 409, 445, 413, 419, 411, 
        416, 415, 414, 417, 447, 412, 420, 446, 422, 423, 424, 425, 449, 427, 428, 448, 430, 431, 432, 451, 434, 450, 454, 437, 440, 439, 438, 456, 455, 443, 444, 410, 421, 418, 429, 426, 435, 433, 452, 
        453, 436, 442, 441, 460, 459, 458, 457, 466, 462, 465, 464, 463, 461, 467, 468, 469, 470, 471, 472, 476, 475, 474, 473, 477, 478, 479, 480 ],
        \[ 45, 2, 3, 304, 247, 311, 118, 51, 28, 10, 297, 310, 251, 97, 256, 254, 140, 139, 313, 449, 342, 248, 312, 158, 145, 448, 344, 9, 55, 69, 429, 182, 257, 34, 187, 183, 63, 43, 260, 249, 179, 202, 
        38, 52, 1, 309, 176, 259, 88, 58, 8, 44, 53, 54, 29, 56, 422, 50, 74, 60, 61, 430, 37, 460, 65, 66, 152, 373, 30, 459, 191, 232, 371, 59, 343, 199, 143, 184, 412, 80, 383, 196, 181, 416, 458, 380, 
        377, 49, 287, 450, 457, 382, 375, 283, 451, 341, 14, 209, 326, 288, 238, 352, 170, 206, 284, 163, 400, 221, 421, 328, 265, 226, 402, 224, 447, 263, 229, 7, 171, 234, 317, 222, 274, 168, 174, 155, 
        127, 275, 131, 130, 129, 132, 227, 134, 136, 135, 137, 138, 18, 17, 213, 142, 77, 475, 25, 215, 197, 476, 149, 185, 219, 67, 237, 350, 126, 156, 388, 24, 252, 428, 161, 250, 106, 434, 210, 337, 246,
        124, 300, 103, 119, 255, 345, 125, 386, 47, 426, 266, 41, 270, 83, 32, 36, 78, 150, 186, 35, 423, 189, 431, 71, 192, 395, 194, 394, 82, 147, 414, 76, 419, 397, 42, 433, 396, 435, 104, 324, 240, 98, 
        165, 418, 290, 141, 446, 146, 231, 316, 262, 151, 264, 108, 122, 223, 114, 225, 112, 133, 473, 117, 474, 216, 72, 353, 120, 389, 425, 153, 101, 432, 208, 366, 378, 363, 381, 398, 167, 5, 22, 40, 
        162, 13, 159, 372, 16, 172, 15, 33, 456, 48, 39, 455, 218, 116, 220, 111, 178, 461, 408, 339, 180, 463, 406, 306, 123, 128, 465, 286, 424, 466, 282, 417, 280, 94, 105, 325, 277, 89, 100, 327, 212, 
        299, 329, 295, 330, 293, 334, 11, 335, 291, 169, 333, 370, 321, 4, 454, 273, 438, 401, 46, 12, 6, 23, 19, 442, 441, 217, 121, 444, 336, 409, 303, 427, 420, 207, 285, 99, 289, 110, 292, 294, 332, 
        331, 301, 296, 298, 319, 166, 440, 269, 436, 96, 21, 75, 27, 173, 387, 347, 357, 349, 154, 354, 102, 233, 351, 478, 356, 348, 477, 390, 368, 369, 480, 243, 439, 479, 241, 437, 360, 361, 302, 73, 
        253, 68, 467, 93, 462, 87, 242, 468, 86, 244, 92, 81, 472, 471, 175, 346, 157, 235, 359, 391, 453, 452, 195, 193, 204, 201, 245, 464, 107, 308, 113, 470, 469, 443, 272, 415, 268, 320, 413, 445, 79, 
        410, 198, 407, 84, 281, 211, 200, 323, 109, 57, 188, 278, 236, 177, 322, 160, 31, 62, 190, 239, 203, 164, 205, 340, 367, 307, 364, 338, 315, 314, 405, 318, 411, 214, 115, 26, 20, 90, 95, 393, 392, 
        305, 261, 258, 91, 85, 70, 64, 267, 376, 271, 399, 276, 279, 374, 379, 404, 403, 385, 384, 228, 230, 144, 148, 358, 355, 365, 362 ]:
         Order := 8 >
]
