[ PowerStructure(GrpPerm) |
    PermutationGroup<480 |  
        \[ 150, 415, 137, 94, 229, 172, 461, 8, 443, 227, 207, 146, 19, 465, 377, 195, 329, 205, 13, 307, 175, 397, 193, 330, 95, 305, 27, 405, 233, 152, 340, 237, 33, 407, 235, 36, 232, 156, 39, 73, 197, 
        181, 161, 350, 45, 68, 72, 375, 184, 353, 51, 154, 351, 391, 388, 71, 190, 157, 348, 359, 194, 62, 77, 290, 66, 65, 69, 46, 67, 284, 56, 47, 40, 357, 75, 368, 63, 202, 315, 354, 96, 369, 88, 314, 
        328, 113, 259, 83, 166, 174, 288, 92, 256, 4, 25, 81, 279, 347, 169, 458, 476, 102, 276, 387, 460, 475, 107, 135, 336, 457, 428, 310, 86, 129, 339, 425, 247, 271, 433, 243, 434, 134, 220, 267, 435, 
        302, 138, 218, 114, 142, 131, 223, 149, 122, 108, 221, 3, 127, 450, 294, 162, 130, 176, 165, 451, 12, 179, 240, 133, 1, 372, 30, 182, 52, 366, 38, 58, 292, 396, 263, 43, 141, 228, 316, 144, 89, 226,
        463, 99, 466, 203, 6, 173, 90, 21, 143, 338, 178, 147, 180, 42, 153, 183, 49, 185, 390, 389, 188, 356, 57, 192, 191, 23, 61, 16, 360, 41, 261, 361, 258, 252, 78, 171, 248, 18, 346, 11, 474, 349, 
        473, 303, 459, 250, 306, 246, 241, 432, 128, 253, 123, 136, 225, 132, 224, 222, 167, 10, 163, 5, 238, 370, 37, 29, 363, 35, 265, 32, 230, 317, 148, 216, 291, 120, 296, 293, 215, 117, 204, 373, 213, 
        311, 201, 219, 395, 313, 93, 270, 200, 87, 260, 198, 274, 160, 275, 236, 266, 124, 478, 418, 257, 118, 477, 446, 262, 264, 103, 445, 392, 97, 413, 393, 411, 337, 70, 298, 410, 304, 91, 301, 64, 242,
        158, 245, 140, 381, 244, 326, 285, 378, 324, 289, 126, 211, 287, 26, 214, 20, 332, 371, 112, 251, 394, 255, 84, 79, 164, 239, 480, 421, 479, 447, 364, 367, 300, 333, 297, 335, 85, 17, 24, 401, 308, 
        325, 398, 327, 109, 283, 177, 115, 31, 341, 342, 343, 344, 345, 206, 98, 59, 209, 44, 53, 352, 50, 80, 406, 189, 74, 408, 60, 196, 199, 409, 234, 322, 444, 155, 323, 76, 82, 231, 309, 151, 249, 379,
        48, 399, 15, 299, 374, 402, 295, 400, 383, 384, 403, 386, 104, 55, 187, 186, 54, 278, 281, 312, 254, 159, 22, 334, 376, 382, 331, 380, 385, 404, 28, 355, 34, 358, 362, 286, 282, 442, 280, 456, 2, 
        441, 453, 269, 455, 439, 319, 431, 430, 452, 116, 440, 437, 111, 454, 423, 422, 217, 119, 121, 125, 448, 427, 449, 420, 426, 416, 412, 9, 365, 277, 273, 321, 436, 438, 139, 145, 424, 417, 429, 419, 
        414, 110, 100, 212, 105, 7, 468, 168, 467, 14, 170, 464, 462, 472, 471, 470, 469, 210, 208, 106, 101, 272, 268, 320, 318 ],
        \[ 1, 34, 3, 169, 162, 6, 7, 8, 28, 10, 166, 167, 13, 14, 159, 16, 140, 174, 19, 20, 21, 48, 23, 158, 171, 26, 27, 9, 58, 30, 31, 182, 33, 2, 52, 36, 37, 43, 39, 40, 41, 42, 38, 187, 45, 46, 47, 22,
        49, 55, 51, 35, 80, 54, 50, 56, 57, 29, 74, 60, 61, 62, 63, 64, 65, 66, 67, 68, 69, 70, 71, 72, 73, 59, 75, 199, 77, 78, 79, 53, 81, 196, 83, 84, 85, 86, 204, 88, 207, 205, 91, 92, 201, 99, 203, 96,
        97, 209, 94, 100, 210, 102, 103, 206, 105, 208, 107, 108, 214, 110, 217, 215, 113, 114, 211, 121, 213, 118, 145, 219, 116, 122, 123, 124, 139, 216, 127, 128, 129, 130, 131, 132, 133, 134, 135, 136, 
        137, 138, 125, 17, 229, 142, 143, 230, 119, 226, 147, 228, 149, 150, 234, 152, 237, 235, 231, 161, 233, 24, 15, 239, 156, 5, 240, 236, 238, 11, 12, 168, 4, 170, 25, 172, 173, 18, 175, 176, 177, 178,
        179, 180, 181, 32, 183, 184, 185, 186, 44, 188, 189, 190, 191, 192, 193, 194, 195, 82, 197, 198, 76, 200, 93, 202, 95, 87, 90, 104, 89, 106, 98, 101, 115, 212, 117, 109, 112, 126, 111, 218, 120, 
        220, 221, 222, 223, 224, 225, 146, 227, 148, 141, 144, 155, 232, 157, 151, 154, 164, 153, 165, 160, 163, 302, 308, 253, 245, 244, 310, 250, 259, 249, 247, 251, 256, 243, 254, 255, 252, 257, 258, 
        248, 260, 261, 262, 317, 264, 316, 266, 267, 320, 321, 270, 271, 318, 319, 274, 275, 276, 286, 323, 279, 282, 322, 280, 326, 284, 327, 277, 324, 288, 325, 290, 332, 330, 296, 329, 334, 293, 337, 
        335, 331, 304, 333, 241, 339, 300, 305, 336, 307, 242, 309, 246, 311, 312, 313, 314, 315, 265, 263, 272, 273, 268, 269, 281, 278, 287, 289, 283, 285, 328, 294, 292, 299, 291, 301, 295, 298, 306, 
        297, 338, 303, 340, 341, 342, 343, 344, 345, 387, 349, 357, 347, 389, 354, 352, 388, 351, 365, 356, 348, 362, 359, 369, 368, 358, 372, 393, 355, 370, 392, 361, 360, 366, 371, 363, 373, 374, 397, 
        376, 396, 401, 379, 380, 398, 382, 383, 384, 385, 386, 346, 353, 350, 390, 391, 367, 364, 394, 395, 377, 375, 381, 399, 400, 378, 402, 403, 404, 443, 444, 415, 409, 408, 445, 413, 412, 411, 414, 
        407, 416, 427, 447, 419, 424, 446, 422, 423, 420, 434, 426, 417, 432, 429, 430, 431, 428, 451, 425, 450, 436, 453, 438, 452, 440, 441, 442, 405, 406, 410, 421, 418, 448, 449, 435, 433, 439, 437, 
        454, 455, 456, 457, 458, 459, 460, 461, 462, 463, 464, 465, 466, 467, 468, 469, 470, 471, 472, 476, 475, 474, 473, 480, 479, 478, 477 ],
        \[ 1, 2, 130, 169, 162, 6, 170, 8, 9, 149, 166, 167, 13, 168, 15, 46, 140, 174, 19, 177, 21, 22, 40, 158, 171, 31, 27, 28, 58, 179, 26, 32, 33, 34, 52, 36, 176, 38, 39, 23, 69, 42, 43, 187, 45, 16, 
        63, 48, 49, 55, 51, 35, 53, 189, 50, 192, 57, 29, 59, 186, 66, 62, 47, 91, 194, 61, 197, 195, 41, 85, 191, 77, 193, 74, 75, 199, 72, 78, 200, 80, 81, 196, 83, 198, 70, 86, 87, 88, 207, 205, 64, 92, 
        93, 99, 203, 96, 124, 98, 94, 212, 210, 102, 118, 104, 110, 208, 107, 108, 214, 105, 111, 215, 113, 114, 211, 116, 213, 103, 145, 120, 121, 222, 123, 97, 139, 126, 132, 128, 129, 3, 131, 127, 227, 
        225, 135, 136, 142, 223, 125, 17, 229, 137, 232, 230, 119, 226, 152, 228, 10, 150, 151, 147, 153, 235, 155, 156, 233, 24, 159, 160, 161, 5, 240, 164, 238, 11, 12, 14, 4, 7, 25, 172, 173, 18, 175, 
        37, 20, 178, 30, 180, 181, 182, 183, 184, 185, 60, 44, 188, 54, 190, 71, 56, 73, 65, 68, 82, 67, 84, 76, 79, 201, 202, 95, 204, 90, 206, 89, 106, 209, 101, 115, 100, 117, 109, 112, 216, 217, 218, 
        219, 220, 221, 122, 138, 224, 134, 146, 133, 148, 141, 144, 231, 143, 157, 234, 154, 236, 237, 165, 239, 163, 241, 242, 243, 244, 245, 310, 250, 248, 312, 247, 251, 252, 253, 309, 255, 256, 257, 
        315, 259, 260, 314, 262, 263, 264, 265, 266, 279, 268, 321, 270, 276, 272, 319, 274, 275, 271, 286, 278, 267, 282, 281, 280, 326, 328, 327, 277, 324, 290, 325, 288, 291, 330, 293, 329, 295, 296, 
        337, 335, 299, 304, 333, 302, 339, 300, 340, 336, 338, 308, 254, 246, 311, 249, 313, 261, 258, 316, 317, 318, 273, 320, 269, 322, 323, 287, 289, 283, 285, 284, 294, 292, 331, 332, 301, 334, 298, 
        306, 297, 307, 303, 305, 341, 342, 343, 344, 345, 346, 347, 348, 349, 389, 351, 352, 388, 354, 355, 391, 357, 358, 390, 369, 368, 362, 363, 364, 365, 366, 367, 361, 360, 370, 395, 372, 394, 374, 
        375, 376, 377, 378, 379, 380, 381, 382, 383, 384, 385, 386, 387, 353, 350, 359, 356, 392, 393, 373, 371, 396, 397, 398, 399, 400, 401, 402, 403, 404, 405, 406, 407, 408, 409, 445, 413, 419, 411, 
        416, 415, 414, 417, 447, 412, 420, 446, 422, 423, 424, 425, 449, 427, 428, 448, 430, 431, 432, 451, 434, 450, 454, 437, 440, 439, 438, 456, 455, 443, 444, 410, 421, 418, 429, 426, 435, 433, 452, 
        453, 436, 442, 441, 460, 459, 458, 457, 466, 462, 465, 464, 463, 461, 467, 468, 469, 470, 471, 472, 476, 475, 474, 473, 477, 478, 479, 480 ],
        \[ 1, 2, 130, 4, 162, 172, 7, 8, 9, 149, 11, 167, 19, 14, 159, 46, 140, 18, 13, 20, 21, 48, 40, 158, 25, 26, 27, 28, 29, 179, 31, 182, 180, 34, 35, 36, 176, 43, 178, 23, 69, 184, 38, 187, 185, 16, 
        63, 22, 181, 55, 183, 52, 80, 54, 50, 192, 190, 58, 74, 60, 66, 188, 47, 91, 194, 61, 197, 195, 41, 85, 191, 77, 193, 59, 75, 199, 72, 202, 79, 53, 81, 196, 88, 84, 70, 113, 87, 83, 89, 90, 64, 107,
        93, 94, 95, 96, 124, 98, 99, 100, 210, 102, 118, 104, 105, 208, 92, 108, 214, 110, 111, 112, 86, 114, 211, 116, 117, 103, 145, 219, 121, 122, 220, 97, 139, 216, 127, 218, 129, 3, 224, 132, 227, 134,
        135, 221, 142, 138, 125, 17, 229, 137, 232, 230, 119, 226, 152, 228, 10, 150, 234, 147, 237, 154, 231, 161, 157, 24, 15, 239, 156, 5, 240, 236, 238, 166, 12, 168, 169, 170, 171, 6, 173, 174, 175, 
        37, 177, 39, 30, 33, 49, 32, 51, 42, 45, 186, 44, 62, 189, 57, 71, 56, 73, 65, 68, 82, 67, 198, 76, 200, 201, 78, 203, 204, 205, 206, 207, 106, 209, 101, 115, 212, 213, 109, 215, 126, 217, 128, 120,
        123, 136, 222, 223, 131, 225, 146, 133, 148, 141, 144, 155, 143, 233, 151, 235, 164, 153, 165, 160, 163, 302, 242, 253, 244, 245, 246, 247, 248, 249, 250, 313, 252, 243, 254, 311, 256, 257, 258, 
        259, 260, 261, 275, 317, 274, 316, 266, 279, 320, 269, 270, 276, 318, 273, 264, 262, 271, 277, 278, 267, 280, 281, 282, 283, 328, 285, 286, 287, 290, 289, 288, 291, 330, 293, 329, 295, 296, 297, 
        298, 299, 300, 301, 241, 339, 304, 305, 336, 307, 308, 309, 310, 255, 312, 251, 314, 315, 265, 263, 272, 319, 268, 321, 322, 323, 324, 325, 326, 327, 284, 294, 292, 331, 332, 333, 334, 335, 306, 
        337, 338, 303, 340, 383, 386, 352, 345, 344, 346, 347, 357, 349, 389, 354, 343, 388, 351, 355, 356, 348, 358, 359, 369, 368, 362, 372, 364, 365, 370, 367, 361, 360, 366, 371, 363, 373, 399, 397, 
        379, 396, 378, 376, 380, 381, 382, 341, 404, 403, 342, 387, 353, 350, 390, 391, 392, 393, 394, 395, 377, 375, 398, 374, 400, 401, 402, 385, 384, 405, 406, 407, 408, 409, 410, 411, 419, 413, 416, 
        415, 414, 427, 418, 412, 424, 421, 422, 423, 420, 425, 426, 417, 428, 429, 430, 431, 432, 451, 434, 450, 436, 453, 438, 452, 440, 456, 455, 443, 444, 445, 446, 447, 448, 449, 435, 433, 439, 437, 
        454, 442, 441, 457, 458, 459, 460, 461, 468, 463, 467, 465, 466, 464, 462, 469, 470, 471, 472, 476, 475, 474, 473, 480, 479, 478, 477 ]:
         Order := 16 >,
    PermutationGroup<480 |  
        \[ 150, 34, 130, 169, 162, 172, 170, 36, 28, 149, 166, 167, 19, 168, 15, 16, 140, 174, 13, 20, 175, 22, 23, 158, 171, 26, 173, 9, 29, 179, 31, 32, 33, 2, 35, 8, 176, 38, 39, 40, 41, 42, 43, 44, 45, 
        46, 47, 48, 49, 50, 51, 52, 80, 54, 55, 56, 190, 58, 74, 60, 61, 188, 63, 64, 65, 66, 67, 68, 69, 70, 71, 72, 73, 59, 102, 76, 77, 202, 79, 53, 96, 82, 88, 84, 85, 113, 87, 83, 207, 205, 91, 107, 
        93, 99, 203, 81, 124, 98, 94, 100, 101, 75, 118, 104, 105, 106, 92, 135, 109, 110, 217, 112, 86, 129, 115, 121, 117, 103, 145, 219, 116, 222, 220, 97, 139, 216, 132, 218, 114, 3, 224, 127, 227, 225,
        108, 221, 142, 223, 125, 17, 229, 137, 232, 230, 119, 226, 152, 228, 10, 1, 151, 147, 153, 154, 155, 156, 157, 24, 159, 160, 161, 5, 240, 164, 238, 11, 12, 14, 4, 7, 25, 6, 27, 18, 21, 37, 177, 178,
        30, 180, 181, 182, 183, 184, 185, 186, 187, 62, 189, 57, 191, 192, 193, 194, 195, 196, 197, 198, 199, 200, 201, 78, 95, 204, 90, 206, 89, 208, 209, 210, 211, 212, 213, 214, 215, 126, 111, 128, 120, 
        123, 136, 122, 138, 131, 134, 146, 133, 148, 141, 144, 231, 143, 233, 234, 235, 236, 237, 165, 239, 163, 302, 242, 253, 244, 245, 246, 247, 248, 312, 250, 251, 252, 243, 309, 255, 256, 270, 258, 
        259, 266, 261, 262, 263, 264, 265, 260, 279, 320, 321, 257, 276, 318, 319, 274, 275, 271, 277, 278, 267, 280, 281, 282, 283, 284, 327, 286, 287, 288, 325, 290, 291, 330, 293, 329, 334, 296, 297, 
        335, 331, 300, 333, 241, 303, 304, 305, 306, 307, 308, 254, 310, 311, 249, 313, 314, 315, 316, 317, 272, 273, 268, 269, 322, 323, 324, 289, 326, 285, 328, 294, 292, 299, 332, 301, 295, 298, 336, 
        337, 338, 339, 340, 341, 342, 343, 344, 345, 346, 347, 357, 349, 350, 354, 352, 353, 351, 365, 356, 348, 362, 359, 360, 361, 358, 363, 364, 355, 366, 367, 368, 369, 370, 395, 372, 394, 374, 375, 
        376, 377, 401, 379, 402, 398, 400, 383, 404, 403, 386, 387, 388, 389, 390, 391, 392, 393, 373, 371, 396, 397, 381, 399, 382, 378, 380, 385, 384, 443, 444, 415, 409, 408, 410, 411, 419, 413, 416, 
        407, 414, 427, 447, 412, 424, 446, 431, 430, 420, 434, 449, 417, 432, 448, 423, 422, 428, 451, 425, 450, 454, 453, 440, 452, 438, 456, 455, 405, 406, 445, 421, 418, 429, 426, 435, 433, 439, 437, 
        436, 442, 441, 457, 458, 459, 460, 466, 468, 465, 467, 463, 461, 464, 462, 472, 471, 470, 469, 473, 474, 475, 476, 480, 479, 478, 477 ],
        \[ 1, 34, 3, 169, 162, 6, 7, 8, 28, 10, 166, 167, 13, 14, 159, 16, 140, 174, 19, 20, 21, 48, 23, 158, 171, 26, 27, 9, 58, 30, 31, 182, 33, 2, 52, 36, 37, 43, 39, 40, 41, 42, 38, 187, 45, 46, 47, 22,
        49, 55, 51, 35, 80, 54, 50, 56, 57, 29, 74, 60, 61, 62, 63, 64, 65, 66, 67, 68, 69, 70, 71, 72, 73, 59, 75, 199, 77, 78, 79, 53, 81, 196, 83, 84, 85, 86, 204, 88, 207, 205, 91, 92, 201, 99, 203, 96,
        97, 209, 94, 100, 210, 102, 103, 206, 105, 208, 107, 108, 214, 110, 217, 215, 113, 114, 211, 121, 213, 118, 145, 219, 116, 122, 123, 124, 139, 216, 127, 128, 129, 130, 131, 132, 133, 134, 135, 136, 
        137, 138, 125, 17, 229, 142, 143, 230, 119, 226, 147, 228, 149, 150, 234, 152, 237, 235, 231, 161, 233, 24, 15, 239, 156, 5, 240, 236, 238, 11, 12, 168, 4, 170, 25, 172, 173, 18, 175, 176, 177, 178,
        179, 180, 181, 32, 183, 184, 185, 186, 44, 188, 189, 190, 191, 192, 193, 194, 195, 82, 197, 198, 76, 200, 93, 202, 95, 87, 90, 104, 89, 106, 98, 101, 115, 212, 117, 109, 112, 126, 111, 218, 120, 
        220, 221, 222, 223, 224, 225, 146, 227, 148, 141, 144, 155, 232, 157, 151, 154, 164, 153, 165, 160, 163, 302, 308, 253, 245, 244, 310, 250, 259, 249, 247, 251, 256, 243, 254, 255, 252, 257, 258, 
        248, 260, 261, 262, 317, 264, 316, 266, 267, 320, 321, 270, 271, 318, 319, 274, 275, 276, 286, 323, 279, 282, 322, 280, 326, 284, 327, 277, 324, 288, 325, 290, 332, 330, 296, 329, 334, 293, 337, 
        335, 331, 304, 333, 241, 339, 300, 305, 336, 307, 242, 309, 246, 311, 312, 313, 314, 315, 265, 263, 272, 273, 268, 269, 281, 278, 287, 289, 283, 285, 328, 294, 292, 299, 291, 301, 295, 298, 306, 
        297, 338, 303, 340, 341, 342, 343, 344, 345, 387, 349, 357, 347, 389, 354, 352, 388, 351, 365, 356, 348, 362, 359, 369, 368, 358, 372, 393, 355, 370, 392, 361, 360, 366, 371, 363, 373, 374, 397, 
        376, 396, 401, 379, 380, 398, 382, 383, 384, 385, 386, 346, 353, 350, 390, 391, 367, 364, 394, 395, 377, 375, 381, 399, 400, 378, 402, 403, 404, 443, 444, 415, 409, 408, 445, 413, 412, 411, 414, 
        407, 416, 427, 447, 419, 424, 446, 422, 423, 420, 434, 426, 417, 432, 429, 430, 431, 428, 451, 425, 450, 436, 453, 438, 452, 440, 441, 442, 405, 406, 410, 421, 418, 448, 449, 435, 433, 439, 437, 
        454, 455, 456, 457, 458, 459, 460, 461, 462, 463, 464, 465, 466, 467, 468, 469, 470, 471, 472, 476, 475, 474, 473, 480, 479, 478, 477 ],
        \[ 1, 2, 130, 169, 162, 6, 170, 8, 9, 149, 166, 167, 13, 168, 15, 46, 140, 174, 19, 177, 21, 22, 40, 158, 171, 31, 27, 28, 58, 179, 26, 32, 33, 34, 52, 36, 176, 38, 39, 23, 69, 42, 43, 187, 45, 16, 
        63, 48, 49, 55, 51, 35, 53, 189, 50, 192, 57, 29, 59, 186, 66, 62, 47, 91, 194, 61, 197, 195, 41, 85, 191, 77, 193, 74, 75, 199, 72, 78, 200, 80, 81, 196, 83, 198, 70, 86, 87, 88, 207, 205, 64, 92, 
        93, 99, 203, 96, 124, 98, 94, 212, 210, 102, 118, 104, 110, 208, 107, 108, 214, 105, 111, 215, 113, 114, 211, 116, 213, 103, 145, 120, 121, 222, 123, 97, 139, 126, 132, 128, 129, 3, 131, 127, 227, 
        225, 135, 136, 142, 223, 125, 17, 229, 137, 232, 230, 119, 226, 152, 228, 10, 150, 151, 147, 153, 235, 155, 156, 233, 24, 159, 160, 161, 5, 240, 164, 238, 11, 12, 14, 4, 7, 25, 172, 173, 18, 175, 
        37, 20, 178, 30, 180, 181, 182, 183, 184, 185, 60, 44, 188, 54, 190, 71, 56, 73, 65, 68, 82, 67, 84, 76, 79, 201, 202, 95, 204, 90, 206, 89, 106, 209, 101, 115, 100, 117, 109, 112, 216, 217, 218, 
        219, 220, 221, 122, 138, 224, 134, 146, 133, 148, 141, 144, 231, 143, 157, 234, 154, 236, 237, 165, 239, 163, 241, 242, 243, 244, 245, 310, 250, 248, 312, 247, 251, 252, 253, 309, 255, 256, 257, 
        315, 259, 260, 314, 262, 263, 264, 265, 266, 279, 268, 321, 270, 276, 272, 319, 274, 275, 271, 286, 278, 267, 282, 281, 280, 326, 328, 327, 277, 324, 290, 325, 288, 291, 330, 293, 329, 295, 296, 
        337, 335, 299, 304, 333, 302, 339, 300, 340, 336, 338, 308, 254, 246, 311, 249, 313, 261, 258, 316, 317, 318, 273, 320, 269, 322, 323, 287, 289, 283, 285, 284, 294, 292, 331, 332, 301, 334, 298, 
        306, 297, 307, 303, 305, 341, 342, 343, 344, 345, 346, 347, 348, 349, 389, 351, 352, 388, 354, 355, 391, 357, 358, 390, 369, 368, 362, 363, 364, 365, 366, 367, 361, 360, 370, 395, 372, 394, 374, 
        375, 376, 377, 378, 379, 380, 381, 382, 383, 384, 385, 386, 387, 353, 350, 359, 356, 392, 393, 373, 371, 396, 397, 398, 399, 400, 401, 402, 403, 404, 405, 406, 407, 408, 409, 445, 413, 419, 411, 
        416, 415, 414, 417, 447, 412, 420, 446, 422, 423, 424, 425, 449, 427, 428, 448, 430, 431, 432, 451, 434, 450, 454, 437, 440, 439, 438, 456, 455, 443, 444, 410, 421, 418, 429, 426, 435, 433, 452, 
        453, 436, 442, 441, 460, 459, 458, 457, 466, 462, 465, 464, 463, 461, 467, 468, 469, 470, 471, 472, 476, 475, 474, 473, 477, 478, 479, 480 ],
        \[ 1, 2, 130, 4, 162, 172, 7, 8, 9, 149, 11, 167, 19, 14, 159, 46, 140, 18, 13, 20, 21, 48, 40, 158, 25, 26, 27, 28, 29, 179, 31, 182, 180, 34, 35, 36, 176, 43, 178, 23, 69, 184, 38, 187, 185, 16, 
        63, 22, 181, 55, 183, 52, 80, 54, 50, 192, 190, 58, 74, 60, 66, 188, 47, 91, 194, 61, 197, 195, 41, 85, 191, 77, 193, 59, 75, 199, 72, 202, 79, 53, 81, 196, 88, 84, 70, 113, 87, 83, 89, 90, 64, 107,
        93, 94, 95, 96, 124, 98, 99, 100, 210, 102, 118, 104, 105, 208, 92, 108, 214, 110, 111, 112, 86, 114, 211, 116, 117, 103, 145, 219, 121, 122, 220, 97, 139, 216, 127, 218, 129, 3, 224, 132, 227, 134,
        135, 221, 142, 138, 125, 17, 229, 137, 232, 230, 119, 226, 152, 228, 10, 150, 234, 147, 237, 154, 231, 161, 157, 24, 15, 239, 156, 5, 240, 236, 238, 166, 12, 168, 169, 170, 171, 6, 173, 174, 175, 
        37, 177, 39, 30, 33, 49, 32, 51, 42, 45, 186, 44, 62, 189, 57, 71, 56, 73, 65, 68, 82, 67, 198, 76, 200, 201, 78, 203, 204, 205, 206, 207, 106, 209, 101, 115, 212, 213, 109, 215, 126, 217, 128, 120,
        123, 136, 222, 223, 131, 225, 146, 133, 148, 141, 144, 155, 143, 233, 151, 235, 164, 153, 165, 160, 163, 302, 242, 253, 244, 245, 246, 247, 248, 249, 250, 313, 252, 243, 254, 311, 256, 257, 258, 
        259, 260, 261, 275, 317, 274, 316, 266, 279, 320, 269, 270, 276, 318, 273, 264, 262, 271, 277, 278, 267, 280, 281, 282, 283, 328, 285, 286, 287, 290, 289, 288, 291, 330, 293, 329, 295, 296, 297, 
        298, 299, 300, 301, 241, 339, 304, 305, 336, 307, 308, 309, 310, 255, 312, 251, 314, 315, 265, 263, 272, 319, 268, 321, 322, 323, 324, 325, 326, 327, 284, 294, 292, 331, 332, 333, 334, 335, 306, 
        337, 338, 303, 340, 383, 386, 352, 345, 344, 346, 347, 357, 349, 389, 354, 343, 388, 351, 355, 356, 348, 358, 359, 369, 368, 362, 372, 364, 365, 370, 367, 361, 360, 366, 371, 363, 373, 399, 397, 
        379, 396, 378, 376, 380, 381, 382, 341, 404, 403, 342, 387, 353, 350, 390, 391, 392, 393, 394, 395, 377, 375, 398, 374, 400, 401, 402, 385, 384, 405, 406, 407, 408, 409, 410, 411, 419, 413, 416, 
        415, 414, 427, 418, 412, 424, 421, 422, 423, 420, 425, 426, 417, 428, 429, 430, 431, 432, 451, 434, 450, 436, 453, 438, 452, 440, 456, 455, 443, 444, 445, 446, 447, 448, 449, 435, 433, 439, 437, 
        454, 442, 441, 457, 458, 459, 460, 461, 468, 463, 467, 465, 466, 464, 462, 469, 470, 471, 472, 476, 475, 474, 473, 480, 479, 478, 477 ]:
         Order := 16 >,
    PermutationGroup<480 |  
        \[ 1, 9, 3, 4, 12, 19, 14, 36, 2, 149, 166, 5, 172, 7, 48, 40, 158, 174, 6, 20, 175, 159, 46, 140, 25, 31, 27, 34, 35, 179, 26, 38, 180, 28, 29, 8, 37, 32, 39, 16, 63, 184, 182, 187, 185, 23, 69, 
        15, 49, 50, 51, 58, 80, 189, 55, 66, 188, 52, 59, 60, 192, 190, 41, 70, 191, 56, 77, 193, 47, 64, 194, 197, 195, 74, 102, 76, 67, 83, 200, 53, 81, 196, 78, 84, 91, 92, 87, 202, 89, 205, 85, 86, 201,
        99, 95, 96, 124, 98, 94, 212, 210, 75, 103, 206, 105, 106, 113, 108, 109, 110, 116, 117, 107, 129, 211, 111, 112, 118, 125, 219, 217, 127, 128, 97, 119, 126, 122, 123, 114, 130, 136, 222, 227, 223, 
        135, 131, 137, 225, 145, 24, 146, 142, 143, 228, 139, 141, 152, 230, 10, 150, 155, 147, 156, 233, 151, 153, 235, 17, 22, 164, 237, 167, 165, 160, 163, 11, 162, 170, 169, 168, 171, 13, 173, 18, 21, 
        176, 177, 178, 30, 33, 181, 43, 183, 42, 45, 186, 44, 57, 54, 62, 65, 61, 68, 71, 73, 82, 72, 198, 199, 79, 93, 88, 203, 204, 90, 104, 207, 208, 209, 101, 115, 100, 215, 214, 213, 216, 121, 220, 
        120, 218, 224, 132, 134, 221, 138, 229, 133, 144, 226, 148, 234, 232, 154, 231, 157, 239, 161, 240, 236, 238, 241, 242, 253, 245, 244, 247, 246, 259, 309, 310, 313, 252, 243, 312, 255, 256, 257, 
        258, 248, 266, 314, 275, 316, 264, 317, 260, 267, 268, 269, 270, 276, 318, 319, 274, 262, 271, 280, 323, 279, 277, 281, 286, 324, 290, 327, 282, 326, 328, 289, 284, 291, 329, 296, 330, 331, 293, 
        304, 298, 334, 337, 333, 302, 339, 297, 340, 306, 307, 308, 249, 250, 311, 254, 251, 261, 315, 263, 265, 272, 273, 320, 321, 322, 278, 283, 325, 287, 285, 288, 292, 294, 295, 332, 301, 299, 335, 
        336, 300, 338, 303, 305, 383, 386, 343, 344, 345, 387, 347, 348, 349, 389, 354, 352, 353, 351, 362, 391, 357, 365, 359, 360, 368, 355, 366, 393, 358, 363, 367, 361, 369, 372, 373, 370, 371, 374, 
        377, 379, 375, 381, 376, 380, 378, 400, 341, 403, 404, 342, 346, 388, 350, 390, 356, 392, 364, 395, 394, 397, 396, 401, 399, 382, 398, 402, 384, 385, 415, 409, 443, 444, 406, 411, 410, 419, 445, 
        414, 405, 416, 427, 418, 412, 420, 446, 422, 430, 424, 428, 429, 417, 425, 426, 423, 431, 434, 450, 432, 451, 440, 437, 454, 452, 436, 456, 442, 407, 408, 413, 421, 447, 449, 448, 433, 435, 439, 
        453, 438, 455, 441, 460, 458, 459, 457, 465, 467, 466, 468, 461, 463, 462, 464, 472, 470, 471, 469, 473, 475, 474, 476, 477, 479, 478, 480 ],
        \[ 1, 34, 3, 169, 162, 6, 7, 8, 28, 10, 166, 167, 13, 14, 159, 16, 140, 174, 19, 20, 21, 48, 23, 158, 171, 26, 27, 9, 58, 30, 31, 182, 33, 2, 52, 36, 37, 43, 39, 40, 41, 42, 38, 187, 45, 46, 47, 22,
        49, 55, 51, 35, 80, 54, 50, 56, 57, 29, 74, 60, 61, 62, 63, 64, 65, 66, 67, 68, 69, 70, 71, 72, 73, 59, 75, 199, 77, 78, 79, 53, 81, 196, 83, 84, 85, 86, 204, 88, 207, 205, 91, 92, 201, 99, 203, 96,
        97, 209, 94, 100, 210, 102, 103, 206, 105, 208, 107, 108, 214, 110, 217, 215, 113, 114, 211, 121, 213, 118, 145, 219, 116, 122, 123, 124, 139, 216, 127, 128, 129, 130, 131, 132, 133, 134, 135, 136, 
        137, 138, 125, 17, 229, 142, 143, 230, 119, 226, 147, 228, 149, 150, 234, 152, 237, 235, 231, 161, 233, 24, 15, 239, 156, 5, 240, 236, 238, 11, 12, 168, 4, 170, 25, 172, 173, 18, 175, 176, 177, 178,
        179, 180, 181, 32, 183, 184, 185, 186, 44, 188, 189, 190, 191, 192, 193, 194, 195, 82, 197, 198, 76, 200, 93, 202, 95, 87, 90, 104, 89, 106, 98, 101, 115, 212, 117, 109, 112, 126, 111, 218, 120, 
        220, 221, 222, 223, 224, 225, 146, 227, 148, 141, 144, 155, 232, 157, 151, 154, 164, 153, 165, 160, 163, 302, 308, 253, 245, 244, 310, 250, 259, 249, 247, 251, 256, 243, 254, 255, 252, 257, 258, 
        248, 260, 261, 262, 317, 264, 316, 266, 267, 320, 321, 270, 271, 318, 319, 274, 275, 276, 286, 323, 279, 282, 322, 280, 326, 284, 327, 277, 324, 288, 325, 290, 332, 330, 296, 329, 334, 293, 337, 
        335, 331, 304, 333, 241, 339, 300, 305, 336, 307, 242, 309, 246, 311, 312, 313, 314, 315, 265, 263, 272, 273, 268, 269, 281, 278, 287, 289, 283, 285, 328, 294, 292, 299, 291, 301, 295, 298, 306, 
        297, 338, 303, 340, 341, 342, 343, 344, 345, 387, 349, 357, 347, 389, 354, 352, 388, 351, 365, 356, 348, 362, 359, 369, 368, 358, 372, 393, 355, 370, 392, 361, 360, 366, 371, 363, 373, 374, 397, 
        376, 396, 401, 379, 380, 398, 382, 383, 384, 385, 386, 346, 353, 350, 390, 391, 367, 364, 394, 395, 377, 375, 381, 399, 400, 378, 402, 403, 404, 443, 444, 415, 409, 408, 445, 413, 412, 411, 414, 
        407, 416, 427, 447, 419, 424, 446, 422, 423, 420, 434, 426, 417, 432, 429, 430, 431, 428, 451, 425, 450, 436, 453, 438, 452, 440, 441, 442, 405, 406, 410, 421, 418, 448, 449, 435, 433, 439, 437, 
        454, 455, 456, 457, 458, 459, 460, 461, 462, 463, 464, 465, 466, 467, 468, 469, 470, 471, 472, 476, 475, 474, 473, 480, 479, 478, 477 ],
        \[ 1, 2, 130, 169, 162, 6, 170, 8, 9, 149, 166, 167, 13, 168, 15, 46, 140, 174, 19, 177, 21, 22, 40, 158, 171, 31, 27, 28, 58, 179, 26, 32, 33, 34, 52, 36, 176, 38, 39, 23, 69, 42, 43, 187, 45, 16, 
        63, 48, 49, 55, 51, 35, 53, 189, 50, 192, 57, 29, 59, 186, 66, 62, 47, 91, 194, 61, 197, 195, 41, 85, 191, 77, 193, 74, 75, 199, 72, 78, 200, 80, 81, 196, 83, 198, 70, 86, 87, 88, 207, 205, 64, 92, 
        93, 99, 203, 96, 124, 98, 94, 212, 210, 102, 118, 104, 110, 208, 107, 108, 214, 105, 111, 215, 113, 114, 211, 116, 213, 103, 145, 120, 121, 222, 123, 97, 139, 126, 132, 128, 129, 3, 131, 127, 227, 
        225, 135, 136, 142, 223, 125, 17, 229, 137, 232, 230, 119, 226, 152, 228, 10, 150, 151, 147, 153, 235, 155, 156, 233, 24, 159, 160, 161, 5, 240, 164, 238, 11, 12, 14, 4, 7, 25, 172, 173, 18, 175, 
        37, 20, 178, 30, 180, 181, 182, 183, 184, 185, 60, 44, 188, 54, 190, 71, 56, 73, 65, 68, 82, 67, 84, 76, 79, 201, 202, 95, 204, 90, 206, 89, 106, 209, 101, 115, 100, 117, 109, 112, 216, 217, 218, 
        219, 220, 221, 122, 138, 224, 134, 146, 133, 148, 141, 144, 231, 143, 157, 234, 154, 236, 237, 165, 239, 163, 241, 242, 243, 244, 245, 310, 250, 248, 312, 247, 251, 252, 253, 309, 255, 256, 257, 
        315, 259, 260, 314, 262, 263, 264, 265, 266, 279, 268, 321, 270, 276, 272, 319, 274, 275, 271, 286, 278, 267, 282, 281, 280, 326, 328, 327, 277, 324, 290, 325, 288, 291, 330, 293, 329, 295, 296, 
        337, 335, 299, 304, 333, 302, 339, 300, 340, 336, 338, 308, 254, 246, 311, 249, 313, 261, 258, 316, 317, 318, 273, 320, 269, 322, 323, 287, 289, 283, 285, 284, 294, 292, 331, 332, 301, 334, 298, 
        306, 297, 307, 303, 305, 341, 342, 343, 344, 345, 346, 347, 348, 349, 389, 351, 352, 388, 354, 355, 391, 357, 358, 390, 369, 368, 362, 363, 364, 365, 366, 367, 361, 360, 370, 395, 372, 394, 374, 
        375, 376, 377, 378, 379, 380, 381, 382, 383, 384, 385, 386, 387, 353, 350, 359, 356, 392, 393, 373, 371, 396, 397, 398, 399, 400, 401, 402, 403, 404, 405, 406, 407, 408, 409, 445, 413, 419, 411, 
        416, 415, 414, 417, 447, 412, 420, 446, 422, 423, 424, 425, 449, 427, 428, 448, 430, 431, 432, 451, 434, 450, 454, 437, 440, 439, 438, 456, 455, 443, 444, 410, 421, 418, 429, 426, 435, 433, 452, 
        453, 436, 442, 441, 460, 459, 458, 457, 466, 462, 465, 464, 463, 461, 467, 468, 469, 470, 471, 472, 476, 475, 474, 473, 477, 478, 479, 480 ],
        \[ 1, 2, 130, 4, 162, 172, 7, 8, 9, 149, 11, 167, 19, 14, 159, 46, 140, 18, 13, 20, 21, 48, 40, 158, 25, 26, 27, 28, 29, 179, 31, 182, 180, 34, 35, 36, 176, 43, 178, 23, 69, 184, 38, 187, 185, 16, 
        63, 22, 181, 55, 183, 52, 80, 54, 50, 192, 190, 58, 74, 60, 66, 188, 47, 91, 194, 61, 197, 195, 41, 85, 191, 77, 193, 59, 75, 199, 72, 202, 79, 53, 81, 196, 88, 84, 70, 113, 87, 83, 89, 90, 64, 107,
        93, 94, 95, 96, 124, 98, 99, 100, 210, 102, 118, 104, 105, 208, 92, 108, 214, 110, 111, 112, 86, 114, 211, 116, 117, 103, 145, 219, 121, 122, 220, 97, 139, 216, 127, 218, 129, 3, 224, 132, 227, 134,
        135, 221, 142, 138, 125, 17, 229, 137, 232, 230, 119, 226, 152, 228, 10, 150, 234, 147, 237, 154, 231, 161, 157, 24, 15, 239, 156, 5, 240, 236, 238, 166, 12, 168, 169, 170, 171, 6, 173, 174, 175, 
        37, 177, 39, 30, 33, 49, 32, 51, 42, 45, 186, 44, 62, 189, 57, 71, 56, 73, 65, 68, 82, 67, 198, 76, 200, 201, 78, 203, 204, 205, 206, 207, 106, 209, 101, 115, 212, 213, 109, 215, 126, 217, 128, 120,
        123, 136, 222, 223, 131, 225, 146, 133, 148, 141, 144, 155, 143, 233, 151, 235, 164, 153, 165, 160, 163, 302, 242, 253, 244, 245, 246, 247, 248, 249, 250, 313, 252, 243, 254, 311, 256, 257, 258, 
        259, 260, 261, 275, 317, 274, 316, 266, 279, 320, 269, 270, 276, 318, 273, 264, 262, 271, 277, 278, 267, 280, 281, 282, 283, 328, 285, 286, 287, 290, 289, 288, 291, 330, 293, 329, 295, 296, 297, 
        298, 299, 300, 301, 241, 339, 304, 305, 336, 307, 308, 309, 310, 255, 312, 251, 314, 315, 265, 263, 272, 319, 268, 321, 322, 323, 324, 325, 326, 327, 284, 294, 292, 331, 332, 333, 334, 335, 306, 
        337, 338, 303, 340, 383, 386, 352, 345, 344, 346, 347, 357, 349, 389, 354, 343, 388, 351, 355, 356, 348, 358, 359, 369, 368, 362, 372, 364, 365, 370, 367, 361, 360, 366, 371, 363, 373, 399, 397, 
        379, 396, 378, 376, 380, 381, 382, 341, 404, 403, 342, 387, 353, 350, 390, 391, 392, 393, 394, 395, 377, 375, 398, 374, 400, 401, 402, 385, 384, 405, 406, 407, 408, 409, 410, 411, 419, 413, 416, 
        415, 414, 427, 418, 412, 424, 421, 422, 423, 420, 425, 426, 417, 428, 429, 430, 431, 432, 451, 434, 450, 436, 453, 438, 452, 440, 456, 455, 443, 444, 445, 446, 447, 448, 449, 435, 433, 439, 437, 
        454, 442, 441, 457, 458, 459, 460, 461, 468, 463, 467, 465, 466, 464, 462, 469, 470, 471, 472, 476, 475, 474, 473, 480, 479, 478, 477 ]:
         Order := 16 >,
    PermutationGroup<480 |  
        \[ 150, 9, 394, 169, 298, 430, 7, 36, 2, 371, 11, 301, 422, 168, 126, 356, 211, 353, 431, 20, 21, 219, 390, 214, 350, 31, 173, 34, 58, 30, 26, 43, 180, 28, 35, 8, 176, 182, 178, 359, 448, 384, 32, 
        95, 183, 391, 449, 120, 385, 205, 185, 52, 98, 193, 90, 456, 275, 29, 104, 68, 455, 264, 426, 85, 412, 442, 454, 60, 429, 91, 414, 438, 189, 206, 102, 250, 440, 114, 132, 209, 81, 310, 135, 222, 64,
        311, 155, 108, 99, 55, 70, 251, 234, 207, 44, 96, 110, 53, 89, 118, 208, 75, 212, 59, 124, 210, 313, 88, 158, 97, 236, 361, 255, 78, 140, 239, 360, 100, 139, 48, 160, 198, 380, 105, 145, 15, 200, 
        400, 202, 373, 399, 79, 312, 261, 83, 379, 309, 258, 119, 115, 325, 254, 147, 297, 125, 327, 143, 304, 395, 1, 201, 232, 156, 233, 87, 153, 235, 109, 216, 121, 237, 335, 324, 217, 326, 166, 333, 14,
        4, 170, 389, 423, 27, 388, 175, 37, 177, 39, 179, 33, 403, 38, 45, 404, 51, 195, 203, 274, 73, 262, 416, 441, 54, 419, 186, 246, 436, 122, 247, 127, 151, 129, 187, 231, 50, 74, 94, 101, 80, 106, 17,
        103, 369, 24, 368, 159, 164, 382, 22, 402, 376, 84, 315, 374, 314, 285, 249, 300, 289, 337, 204, 152, 154, 93, 157, 111, 161, 283, 116, 287, 397, 355, 396, 362, 358, 196, 199, 370, 227, 76, 92, 372,
        377, 142, 113, 363, 260, 138, 366, 257, 134, 190, 428, 62, 425, 270, 460, 378, 445, 266, 458, 381, 411, 188, 57, 459, 418, 278, 457, 421, 322, 446, 238, 284, 226, 447, 240, 290, 229, 288, 409, 336, 
        406, 339, 477, 444, 144, 5, 478, 228, 12, 375, 329, 148, 338, 330, 340, 365, 137, 82, 86, 133, 107, 225, 223, 434, 432, 398, 413, 401, 410, 281, 323, 163, 141, 165, 146, 328, 303, 306, 479, 408, 
        167, 480, 162, 292, 230, 305, 294, 307, 383, 342, 343, 345, 344, 351, 348, 347, 357, 25, 346, 352, 18, 387, 242, 16, 349, 245, 40, 117, 112, 244, 256, 393, 308, 259, 367, 215, 213, 248, 10, 252, 
        130, 224, 302, 221, 253, 268, 136, 123, 272, 218, 341, 42, 49, 386, 354, 174, 171, 23, 46, 392, 364, 3, 149, 243, 241, 318, 131, 128, 320, 220, 181, 184, 407, 293, 405, 332, 291, 321, 273, 65, 319, 
        71, 443, 191, 417, 277, 194, 424, 280, 13, 172, 420, 265, 63, 427, 263, 69, 6, 19, 317, 451, 316, 435, 197, 437, 72, 452, 77, 192, 66, 415, 296, 269, 282, 286, 41, 47, 450, 433, 439, 453, 67, 61, 
        56, 279, 271, 276, 267, 465, 470, 466, 469, 461, 463, 472, 471, 464, 462, 468, 467, 473, 475, 474, 476, 295, 299, 331, 334 ],
        \[ 1, 34, 3, 169, 162, 6, 7, 8, 28, 10, 166, 167, 13, 14, 159, 16, 140, 174, 19, 20, 21, 48, 23, 158, 171, 26, 27, 9, 58, 30, 31, 182, 33, 2, 52, 36, 37, 43, 39, 40, 41, 42, 38, 187, 45, 46, 47, 22,
        49, 55, 51, 35, 80, 54, 50, 56, 57, 29, 74, 60, 61, 62, 63, 64, 65, 66, 67, 68, 69, 70, 71, 72, 73, 59, 75, 199, 77, 78, 79, 53, 81, 196, 83, 84, 85, 86, 204, 88, 207, 205, 91, 92, 201, 99, 203, 96,
        97, 209, 94, 100, 210, 102, 103, 206, 105, 208, 107, 108, 214, 110, 217, 215, 113, 114, 211, 121, 213, 118, 145, 219, 116, 122, 123, 124, 139, 216, 127, 128, 129, 130, 131, 132, 133, 134, 135, 136, 
        137, 138, 125, 17, 229, 142, 143, 230, 119, 226, 147, 228, 149, 150, 234, 152, 237, 235, 231, 161, 233, 24, 15, 239, 156, 5, 240, 236, 238, 11, 12, 168, 4, 170, 25, 172, 173, 18, 175, 176, 177, 178,
        179, 180, 181, 32, 183, 184, 185, 186, 44, 188, 189, 190, 191, 192, 193, 194, 195, 82, 197, 198, 76, 200, 93, 202, 95, 87, 90, 104, 89, 106, 98, 101, 115, 212, 117, 109, 112, 126, 111, 218, 120, 
        220, 221, 222, 223, 224, 225, 146, 227, 148, 141, 144, 155, 232, 157, 151, 154, 164, 153, 165, 160, 163, 302, 308, 253, 245, 244, 310, 250, 259, 249, 247, 251, 256, 243, 254, 255, 252, 257, 258, 
        248, 260, 261, 262, 317, 264, 316, 266, 267, 320, 321, 270, 271, 318, 319, 274, 275, 276, 286, 323, 279, 282, 322, 280, 326, 284, 327, 277, 324, 288, 325, 290, 332, 330, 296, 329, 334, 293, 337, 
        335, 331, 304, 333, 241, 339, 300, 305, 336, 307, 242, 309, 246, 311, 312, 313, 314, 315, 265, 263, 272, 273, 268, 269, 281, 278, 287, 289, 283, 285, 328, 294, 292, 299, 291, 301, 295, 298, 306, 
        297, 338, 303, 340, 341, 342, 343, 344, 345, 387, 349, 357, 347, 389, 354, 352, 388, 351, 365, 356, 348, 362, 359, 369, 368, 358, 372, 393, 355, 370, 392, 361, 360, 366, 371, 363, 373, 374, 397, 
        376, 396, 401, 379, 380, 398, 382, 383, 384, 385, 386, 346, 353, 350, 390, 391, 367, 364, 394, 395, 377, 375, 381, 399, 400, 378, 402, 403, 404, 443, 444, 415, 409, 408, 445, 413, 412, 411, 414, 
        407, 416, 427, 447, 419, 424, 446, 422, 423, 420, 434, 426, 417, 432, 429, 430, 431, 428, 451, 425, 450, 436, 453, 438, 452, 440, 441, 442, 405, 406, 410, 421, 418, 448, 449, 435, 433, 439, 437, 
        454, 455, 456, 457, 458, 459, 460, 461, 462, 463, 464, 465, 466, 467, 468, 469, 470, 471, 472, 476, 475, 474, 473, 480, 479, 478, 477 ],
        \[ 1, 2, 130, 169, 162, 6, 170, 8, 9, 149, 166, 167, 13, 168, 15, 46, 140, 174, 19, 177, 21, 22, 40, 158, 171, 31, 27, 28, 58, 179, 26, 32, 33, 34, 52, 36, 176, 38, 39, 23, 69, 42, 43, 187, 45, 16, 
        63, 48, 49, 55, 51, 35, 53, 189, 50, 192, 57, 29, 59, 186, 66, 62, 47, 91, 194, 61, 197, 195, 41, 85, 191, 77, 193, 74, 75, 199, 72, 78, 200, 80, 81, 196, 83, 198, 70, 86, 87, 88, 207, 205, 64, 92, 
        93, 99, 203, 96, 124, 98, 94, 212, 210, 102, 118, 104, 110, 208, 107, 108, 214, 105, 111, 215, 113, 114, 211, 116, 213, 103, 145, 120, 121, 222, 123, 97, 139, 126, 132, 128, 129, 3, 131, 127, 227, 
        225, 135, 136, 142, 223, 125, 17, 229, 137, 232, 230, 119, 226, 152, 228, 10, 150, 151, 147, 153, 235, 155, 156, 233, 24, 159, 160, 161, 5, 240, 164, 238, 11, 12, 14, 4, 7, 25, 172, 173, 18, 175, 
        37, 20, 178, 30, 180, 181, 182, 183, 184, 185, 60, 44, 188, 54, 190, 71, 56, 73, 65, 68, 82, 67, 84, 76, 79, 201, 202, 95, 204, 90, 206, 89, 106, 209, 101, 115, 100, 117, 109, 112, 216, 217, 218, 
        219, 220, 221, 122, 138, 224, 134, 146, 133, 148, 141, 144, 231, 143, 157, 234, 154, 236, 237, 165, 239, 163, 241, 242, 243, 244, 245, 310, 250, 248, 312, 247, 251, 252, 253, 309, 255, 256, 257, 
        315, 259, 260, 314, 262, 263, 264, 265, 266, 279, 268, 321, 270, 276, 272, 319, 274, 275, 271, 286, 278, 267, 282, 281, 280, 326, 328, 327, 277, 324, 290, 325, 288, 291, 330, 293, 329, 295, 296, 
        337, 335, 299, 304, 333, 302, 339, 300, 340, 336, 338, 308, 254, 246, 311, 249, 313, 261, 258, 316, 317, 318, 273, 320, 269, 322, 323, 287, 289, 283, 285, 284, 294, 292, 331, 332, 301, 334, 298, 
        306, 297, 307, 303, 305, 341, 342, 343, 344, 345, 346, 347, 348, 349, 389, 351, 352, 388, 354, 355, 391, 357, 358, 390, 369, 368, 362, 363, 364, 365, 366, 367, 361, 360, 370, 395, 372, 394, 374, 
        375, 376, 377, 378, 379, 380, 381, 382, 383, 384, 385, 386, 387, 353, 350, 359, 356, 392, 393, 373, 371, 396, 397, 398, 399, 400, 401, 402, 403, 404, 405, 406, 407, 408, 409, 445, 413, 419, 411, 
        416, 415, 414, 417, 447, 412, 420, 446, 422, 423, 424, 425, 449, 427, 428, 448, 430, 431, 432, 451, 434, 450, 454, 437, 440, 439, 438, 456, 455, 443, 444, 410, 421, 418, 429, 426, 435, 433, 452, 
        453, 436, 442, 441, 460, 459, 458, 457, 466, 462, 465, 464, 463, 461, 467, 468, 469, 470, 471, 472, 476, 475, 474, 473, 477, 478, 479, 480 ],
        \[ 150, 43, 356, 4, 229, 78, 284, 8, 32, 359, 11, 226, 88, 288, 362, 394, 329, 18, 83, 30, 175, 355, 395, 330, 171, 176, 173, 182, 58, 20, 37, 9, 180, 38, 52, 36, 31, 34, 39, 371, 449, 313, 2, 187, 
        185, 373, 448, 365, 311, 50, 183, 35, 209, 137, 55, 222, 221, 29, 104, 133, 132, 131, 429, 465, 223, 127, 438, 312, 426, 466, 134, 454, 254, 206, 75, 360, 436, 6, 455, 98, 96, 361, 19, 456, 461, 
        385, 272, 13, 89, 90, 463, 404, 268, 94, 203, 81, 110, 80, 99, 103, 101, 102, 100, 59, 124, 106, 384, 422, 336, 97, 236, 310, 403, 430, 339, 160, 250, 212, 145, 308, 239, 192, 468, 105, 139, 244, 
        66, 464, 423, 391, 62, 61, 60, 71, 431, 190, 54, 194, 125, 294, 162, 189, 340, 148, 119, 167, 307, 144, 390, 1, 401, 338, 443, 235, 381, 415, 233, 292, 358, 116, 407, 141, 238, 217, 240, 166, 146, 
        290, 169, 328, 25, 202, 27, 174, 21, 26, 179, 178, 177, 33, 255, 28, 51, 251, 45, 227, 44, 224, 142, 136, 225, 122, 309, 138, 249, 368, 440, 441, 369, 442, 320, 172, 95, 318, 205, 74, 207, 208, 53, 
        210, 303, 118, 247, 306, 246, 245, 164, 467, 242, 462, 57, 56, 65, 188, 191, 12, 186, 230, 5, 228, 398, 305, 157, 378, 154, 111, 405, 163, 121, 165, 296, 219, 291, 126, 216, 215, 213, 477, 195, 117,
        184, 478, 332, 73, 181, 479, 270, 419, 480, 266, 414, 379, 434, 399, 432, 260, 457, 93, 447, 257, 458, 87, 421, 374, 376, 459, 410, 453, 460, 411, 452, 413, 324, 7, 301, 445, 326, 14, 298, 168, 243,
        158, 302, 140, 370, 241, 304, 289, 372, 337, 285, 293, 211, 297, 232, 214, 147, 120, 193, 112, 49, 68, 42, 416, 412, 428, 425, 204, 446, 201, 418, 439, 437, 283, 335, 287, 333, 170, 17, 24, 363, 
        253, 327, 366, 325, 109, 300, 152, 115, 143, 383, 386, 352, 344, 345, 348, 351, 346, 354, 389, 347, 343, 353, 349, 22, 3, 387, 159, 10, 76, 82, 15, 331, 424, 48, 334, 417, 196, 199, 295, 40, 299, 
        46, 274, 406, 275, 408, 234, 262, 471, 155, 472, 341, 107, 86, 342, 357, 388, 350, 149, 130, 427, 420, 16, 23, 409, 444, 231, 264, 469, 151, 470, 113, 92, 237, 375, 161, 377, 396, 277, 280, 315, 
        282, 261, 156, 314, 367, 321, 258, 393, 273, 108, 129, 364, 317, 69, 392, 316, 63, 114, 135, 265, 451, 263, 450, 77, 323, 67, 322, 197, 198, 200, 153, 397, 286, 319, 269, 47, 41, 435, 433, 281, 278,
        72, 79, 84, 267, 271, 276, 279, 85, 220, 91, 128, 64, 70, 218, 123, 400, 402, 380, 382, 473, 474, 475, 476, 248, 252, 256, 259 ]:
         Order := 16 >
]
